-0.012736017412417665
-0.026841120072851967
-0.05230204389440266
-0.05082412693635758
-0.040530153875504224
-0.023777992081227165
-0.015745736047404427
-0.006127496751955205
-0.010393410651796666
-0.013135588084311681
-0.023602992551422838
-0.016038363289898706
0.001288117422611182
0.015055344177768585
0.0026681730502360985
-0.0017441971727146586
-0.011384466926349151
0.00131697853254491
0.012623428794685506
0.02029914780144175
0.04420154900069819
0.052002094574912686
0.031509847914826146
0.021056982197038485
-0.0029902234357351357
0.02836768925716977
0.06611296551118306
0.08533121776294715
0.1039701423565884
0.09031719981699705
0.06902627608825973
0.03970711537847397
0.024352163174760393
0.12070898936380245
0.1854160537841273
0.20708121000364263
0.20723161071033733
0.1492944991915331
0.11508742109259533
0.07592712788067518
0.11811271531318773
0.2397801138251583
0.24942815832497597
0.2026461825644736
0.20876275858929258
0.18382167148826833
0.1456533255527483
0.08580060043715132
0.27035355312463344
0.25793079383166223
0.14678136433297148
0.11495128452343285
0.17948966746912898
0.21271859840989563
0.16143373810726136
0.0825340746049145
0.38089804068287925
0.13549257332990072
0.06349613978912547
0.08617982897279375
0.19192658430149775
0.24989888719637215
0.19143927657052795
0.08171807789203173
0.4441148840060472
0.08677548183849344
0.09432486639435356
0.17195505514433837
0.24659253406609907
0.30504266059104257
0.22769334331643032
0.09290018800998374
0.4575397472594305
0.13277761362782772
0.1718375810795474
0.2146909029375017
0.2166023602491323
0.2783325122137691
0.2641527094984055
0.15562346336962896
0.3835896029696754
0.17630993477210188
0.18959799283211734
0.18649666891010785
0.13364306612621052
0.19318970365211113
0.2605159120593887
0.24322352918160278
0.26043521323036595
0.15740523984105792
0.14261642174036723
0.10875777399314067
0.04259837953993859
0.08659695622053273
0.1555917858068198
0.21155519723636843
0.12342707575234295
0.062152465575987054
0.07092676523161309
0.03985085128169924
-0.01978103823808255
0.014451877514259361
0.06594220313811462
0.11847216213000764
0.06614977065219836
0.03302195553565203
0.02220758327205009
0.0018254284660162272
-0.03548297940806809
-0.027812327908002504
0.012757981071442442
0.052357796275118704
0.019239860409931923
0.004069668893501604
-0.009477653928232405
-0.012261826158278867
-0.03687525142838112
-0.044692413600598044
-0.022576207164684402
0.009411368719112372
-0.0019830116038748063
-0.01427300624759493
-0.03019368645682297
-0.03984606459285455
-0.05779266512071045
-0.06216142443073686
-0.03627535065299065
-0.007688308689388672
0.045673108255767335
0.03518564463230139
0.016085149579663022
-0.0036952889712009366
-0.014000282549119645
-0.017264326792347115
-0.015600668940555692
-0.0073713818460688085
0.053775719795549216
0.03345289868274444
0.01038042736966021
-0.006184460671553716
-0.023919696833023644
-0.021243675590496246
-0.024746366445388832
-0.017008910256160904
0.05826592132511205
0.02801109860016468
0.010619202999553216
-0.008197879754957005
-0.018307630465071716
-0.015490316315034752
-0.024213686265255132
-0.026030815020048257
0.056707760025108724
0.025292598122305596
0.014034209281188793
-0.0029501663869033095
-0.019612789135225645
-0.014126923377018128
-0.0251839943626274
-0.03191983464870829
0.04639719317908306
0.027615616044913277
0.020783112630192977
0.00517703507316149
-0.01343039933542211
-0.009560846668774577
-0.027747111288400326
-0.03207140177000478
0.04129068437700954
0.026964068534140073
0.020780885357250502
0.006729377260917531
-0.01600215431256037
-0.005944609960004831
-0.020828431940724177
-0.02348007562136159
0.03143162631194309
0.0258335096970716
0.030691860587746877
0.016662353526318858
-0.009332900399944808
0.008084850729564743
-0.012420576410920425
-0.016158152081095004
0.021402106435268003
0.03796046609728314
0.04117717510644086
0.023573364671193472
-0.007552160358638182
0.02391039845813441
0.00793446433006821
-0.0018363504260753782
0.006842384053200603
0.0538835250822086
0.05849342233645279
0.0324262625006099
0.012619835115162632
0.04284857187661399
0.03939010920809551
0.028106653971647983
-0.0007301788949162606
0.05911655532251724
0.07849461101040589
0.05960925762285989
0.02200633786744477
0.04424359825131142
0.052512623972681714
0.05949187608911835
-0.005698326379700402
0.07088451864167929
0.10073460503767181
0.053473939882781034
-0.00194412720880661
0.023966689923164922
0.05151459549126801
0.08788650178505225
-0.010179870142186766
0.07250973569616813
0.09700794558113396
0.044104696124763115
-0.007774745813445644
0.0034916806101944506
0.06103940202461584
0.10444936024116343
-0.008654737330900966
0.060770803497768644
0.07309659086120958
0.02610203819401388
-0.013520030085279315
0.007787934835836869
0.0714729115144662
0.09053249675324058
0.0055351870500750435
0.046893113461710184
0.05483431925320838
0.011077198492549262
-0.0022371308387938455
0.022044453138742676
0.07475442362664508
0.06256570230581998
0.02589474821310117
0.05053184939628937
0.050582653121389445
0.024737156974006698
0.03542872124565056
0.05510994093535119
0.07233415238938071
0.02856721017733546
0.030405937007535647
0.0655436519363985
0.07776256008325848
0.08423862828502124
0.07614482432341786
0.054596222903314305
0.031482585757028135
0.0022982176087292545
-0.0032529447282239584
-0.013385799898868298
-0.009577924086794597
-0.009814783619259615
-0.013771261652411701
-0.01323010478759591
-0.01288552193736858
0.0011678896922080264
-0.0036410438602846045
-0.009648611683271188
-0.005996620538187997
0.0043091726401627345
0.011004794863913252
0.01914337058577001
0.0009428716912304257
0.010873411874629495
-0.0031668372249459573
0.002589712696199043
0.014064904128924586
0.03240427685648218
0.04517208320414506
0.039859917753373796
0.010649418423155046
0.020288142584447867
0.009522048397773073
0.028359562322026795
0.045017193836791355
0.054603744837229795
0.0608939098722724
0.034684741747582196
0.00806870047228388
0.02038676516809756
0.029495318067899415
0.07456946626977509
0.08675995153778751
0.07839435756099117
0.059983129816778544
0.018625011483056703
0.00044692133344970017
0.01871012647855583
0.09057110780029198
0.11745583995270635
0.06344661712440387
0.032309677753165594
0.015070901795658877
-0.019956752176255924
-0.025743024348365784
-0.006746592072841538
0.15468138983527396
0.08729152524047787
0.0007913294502010095
-0.008993379888953516
-0.024188766703279147
-0.03589449739259782
-0.0275105835118982
-0.02264624339780059
0.19790236498780736
0.026599189485314496
-0.03807521380358216
-0.03186464887530543
-0.04015066445190531
-0.02996318163140912
-0.025584868166297764
-0.023923551663255
0.21654970926258169
-0.02427096258944672
-0.04080713777650391
-0.030798021211687326
-0.032287594483888744
-0.02242348164507007
-0.03169943937904475
-0.017426526409757406
0.22157026705392407
-0.01600527231846533
-0.01802302000723839
-0.02093011270046106
-0.01642520197041154
-0.00863299376560774
-0.013326459438369031
0.007089350169089077
0.18981077592083168
0.02667614312459808
0.013898662609407402
-0.00040559015652427054
0.011583977929045006
0.019830488693574323
0.016552052240434344
0.02823424664649304
0.14079735876368663
0.0711136122223567
0.05167983214210531
0.03928575246938514
0.05244555862377687
0.050691486900237746
0.03809637368838093
0.031412178045580844
0.07851471204348758
0.0682058284497008
0.06955667488664566
0.05395274046829355
0.054366579887150775
0.043409122977171935
0.030859382075386216
0.025482200457294147
0.03082024359535145
0.035056074354586735
0.054566383478735714
0.05233396945621802
0.038368400914682715
0.019973799078853043
0.01130402698077284
0.013876377938417409
0.0031191334859761487
0.002075248427574904
0.020929487984547544
0.0274985054815877
0.018232437311498782
0.007825969527209365
0.0081125507917763
0.00614791189716957
-0.007656729813966512
-0.02085468404099674
-0.00979190244853515
0.003754256516867519
0.00672152845958997
0.0029831941801732337
0.006002135268847485
0.006403386206976393
-0.011357174873586224
-0.027115267863424043
-0.04423443806998049
-0.03599371273479398
-0.004411721679559938
0.02473181875793741
0.02060578583535306
0.019347144889983292
-0.0205789820899594
-0.028192101907873496
-0.03550597885286799
-0.01945486098123328
0.00023449330306996383
0.024305892611094296
0.023794402261547113
0.025178328741783922
-0.03614976264844955
-0.03575958922678851
-0.03751986948487353
-0.010771499892195141
0.0009634652096308073
0.016778241116552156
0.029025206713685924
0.03209536728304425
-0.06918180503973409
-0.04989847610387402
-0.05512566174503031
-0.029003370360167136
-0.009466915254411802
0.01899121804491034
0.031237748880384695
0.02742245346942426
-0.14382836390233347
-0.12816215320478166
-0.16475772107373415
-0.16764874653802828
-0.15382649552387748
-0.1227241618923378
-0.05922152873056901
-0.03004943645145538
-0.2427895065906786
-0.20260291582520715
-0.19968892205290623
-0.19123259875048532
-0.1987174708051337
-0.15243681116506014
-0.06304624744902085
-0.040813628617111346
-0.35015164974434454
-0.2219615831024506
-0.16953427431130094
-0.1992874707056
-0.24711161732968512
-0.14422923070570828
-0.0820017973416076
-0.07835746388602378
-0.38243265333734094
-0.19953554630938242
-0.15922965539109452
-0.18132524141523218
-0.22066583073215013
-0.08071951884024202
-0.055923565794721554
-0.11624460473114569
-0.3386338417460382
-0.10955404237551512
-0.08617931419477701
-0.15327847845860282
-0.1578293082742294
-0.05793383946972432
-0.01495531504324932
-0.13450481867760697
-0.2868494902403437
-0.12386566087215418
-0.13170412887722674
-0.1382291769452904
-0.1176830187770973
-0.07284732708627706
-0.03606831782762891
-0.15326962265992003
-0.15652285953488584
-0.10678209565304661
-0.13637473201523984
-0.09012287256613216
-0.057976970747856627
-0.04862953503403811
-0.0773565075134008
-0.19317249306905054
-0.036458543672665544
-0.08116633914766078
-0.12798541454293105
-0.11308774152501601
-0.09651158270837541
-0.05159445303147068
-0.07961827339580692
-0.1307110486376034
0.07189316826040731
0.014856616067546694
-0.012563712158173269
0.003515926807375229
-0.0010006366829825952
0.05163026732516852
0.03358009186208494
-0.008116077958316979
0.08869845737662806
0.04139293567286239
0.006382120440000515
0.019965752945264818
0.019747405630307174
0.05174479162420941
0.04644482583521677
0.011936508972633174
0.06223407872821101
0.06119996114041293
0.017823267994639982
0.026722114734997367
0.018664444375104245
0.027113626516847286
0.04092919913618701
0.023282124133700153
0.031058287625406723
0.06763185375340425
0.06129128714067466
0.05437055453868266
0.02072455358847502
0.007341394885502097
0.011774076872709278
0.017470911114963503
-0.0019565217548491547
0.0036220211752851874
0.0014511153445158369
0.012410242681057426
0.02397785095050943
0.02956146552121044
0.01823440949096268
0.011557797058583999
0.0009794144295912537
0.020796017346094424
0.03572536016907813
0.04538408660504853
0.05551344708638167
0.049662479875350454
0.025624451953489735
0.030965617910265975
0.014637295497555648
0.06419796428348094
0.09595711633482706
0.10887042004955655
0.12303881398035948
0.12288552001238395
0.08368291751747325
0.08345423472902881
0.04666919741901504
0.13536701592094652
0.18779846231918343
0.20600998222453998
0.21252049887007843
0.1887103991473885
0.1406011766198018
0.16173712917584393
0.1282303146975165
0.27415353162359707
0.31351038262315034
0.30532076692993193
0.27522108585933586
0.23216276186355342
0.1829363872686742
0.22994511881103785
0.2861444612480198
0.363910306016531
0.29879410956961994
0.22576841833537095
0.21394833451413994
0.21092385960262688
0.1942507568605726
0.21445448625665783
0.42679890066860815
0.37729504565836197
0.27101107007997177
0.24587658598640613
0.2711556187301653
0.26533131260046566
0.21688759458457754
0.14735556964463903
0.5294182773482216
0.37034994863437815
0.32494594268518084
0.3149527966587736
0.2892900945593064
0.2055430355996477
0.1095285858444934
0.04430690549554498
0.5624187854442863
0.30926962926723073
0.26251700905469727
0.2027442982112987
0.1300851888253185
0.060878401122736604
0.004651055572312599
0.014232862214006553
0.5342893299804312
0.2416395143444538
0.14265087702570012
0.06465601358195724
0.020304241402220792
-0.0024230054139079294
0.0048049583183938024
0.05402678282936259
0.46134207278721906
0.30036304527712904
0.18327364618887282
0.1213643776508577
0.07924636433724999
0.07508756660411375
0.10170401938445847
0.14736242582045844
0.2994886669199861
0.2767021537530269
0.23357649047994186
0.22076905514455264
0.1900558368381757
0.1791048263279588
0.17441982988681579
0.1714445871824278
0.1481184275503585
0.1983520886968911
0.19377924400900706
0.19214066618043485
0.16792013482924786
0.154873318536992
0.14002990460943565
0.11839114435398648
0.03990467732904629
0.08676715651970705
0.1048174047164899
0.11578623774442745
0.11061060318021765
0.09341125168048034
0.07996027705538285
0.06267548457277951
0.001080650635238681
0.01812051914579906
0.049977417034438115
0.0507205616079677
0.036327086849694365
0.02706208559973637
0.03133778622464226
0.027828860118658705
-0.0041739067065142705
-0.010781051338151736
0.0015777314701560577
0.01186264730075562
0.013609599400069533
0.010991724790193762
0.02344601825842414
0.018568368078642605
-0.02462943128329803
-0.004094868134272414
0.009520044520007256
0.02423553029839616
0.039704241554222336
0.04527432307228979
0.04146266117184256
0.017530925712067325
-0.036950635998916306
-0.001572146605029258
0.017912827476864304
0.026105917870239786
0.025957973607769295
0.028695611952979854
0.039806288961724515
0.034422158813447776
-0.05408412959493377
-0.005700827292281108
0.01811297660206309
0.026485335398472195
0.013022858540966926
0.002111589974353824
0.018123601753661712
0.022920817674433547
-0.0644353384816065
-0.0009383345042486575
0.01874810483472305
0.013914865314092547
-0.01793801103420193
-0.02758599690716193
-0.01858207276678925
-0.01022340450555894
-0.08655382914200044
-0.00811945613594624
0.004474193883821719
-0.013293270056601136
-0.026982664796992437
-0.02139938067733516
-0.023543169551604255
-0.030777158136396067
-0.09951477969083308
-0.022806869707038636
-0.03263807244125335
-0.03499005522353495
-0.03772428071474282
-0.036210088514075665
-0.034850027859079716
-0.04533573683428147
-0.1253447054841829
-0.06392391126240435
-0.04515142481988243
-0.014693661393212633
-0.029313020113689404
-0.03869074961316094
-0.038114987136488775
-0.051370222186524844
-0.11626132155829341
-0.055207579835470276
-0.028321897304563977
-0.009298913390824944
-0.021631190488716666
-0.01919607568308997
-0.03193191522869068
-0.050993679922238314
-0.09834842106505493
-0.06003490881637343
-0.02095160299072875
-0.01057799733435165
-0.02776511266595954
-0.03102768632754196
-0.0453547545867904
-0.053374486375664366
-0.08927441498865128
-0.07188726080136096
-0.007315401540874747
0.010188069042371028
-0.011084128502796251
-0.02465275201634869
-0.05916160569420707
-0.0731699281694564
-0.0835794032615862
-0.08901887859325815
-0.01719465372704066
0.0008431413231502725
-0.019054340147717976
-0.01808639134439538
-0.043472523561462
-0.07956027057689473
-0.06163191491395857
-0.07178911273826334
-0.01734192414486873
0.014092706376122924
-0.010649364061717358
-0.012528211873818286
-0.024912224399327124
-0.06357582258549759
-0.046710118301907536
-0.04628721399497476
-0.022950352520561726
0.005600457705794797
-0.018718752456931918
-0.02580072357533492
-0.03867352347709361
-0.0652134940782666
-0.02843376469100951
-0.022727953779066327
-0.009770738035603646
0.02093069072302262
-0.0009045215175783983
-0.015093100009680727
-0.029079629913994803
-0.049652455502136233
-0.01664055393421173
-0.013000666978257525
-0.004816079193454404
0.017583733464708054
0.0024574798160232948
-0.004612301694595285
-0.01963184347810356
-0.0322764870907975
-0.010891760542946554
-0.00825975520828741
0.0005352523091152748
0.012750979133220746
0.008316000346041495
0.000709954607143089
-0.005728985191738763
-0.017978181895726957
0.007482737265986273
0.03854880123761883
0.09785679069097436
0.14386622563489657
0.1555277048292524
0.1330771296867798
0.09354777324951354
0.03358812784690165
0.03231613735229792
0.08118426192349602
0.1204836730417541
0.10598166023023535
0.10395631797063894
0.11356916973727582
0.10436456442153282
0.05289983997807223
0.056412305835267136
0.11023099238959302
0.12940384115828354
0.10002043920715184
0.11315613484913102
0.1416272864960454
0.11749198355165569
0.05987606644057517
0.07784915189144097
0.11052981911354617
0.11985497636986475
0.11053914315508806
0.12651279120898548
0.16151949567887813
0.12560399508540454
0.06113000117984238
0.07396664187342918
0.08628700018738622
0.095330882025807
0.09114328184400826
0.11198123195551228
0.15803704491428316
0.11699132105340185
0.05489146987654132
0.03928943038328669
0.041518151615393746
0.06551853108567464
0.08317071833958563
0.10012450443108092
0.14245883915419982
0.14535756946876136
0.06025328772367625
-0.00465104324321898
0.016926189736791105
0.05375309806511243
0.05896070724663625
0.06174279566260419
0.11120084152320547
0.146760949938259
0.07507380190518881
-0.04469030201382904
-0.00698383211553612
0.018876154914752422
0.02086384395388044
0.030551226400849674
0.08362711584589184
0.1424197804153993
0.0865665767102982
-0.04946178243407711
-0.0012112703687088523
0.01418692329308658
0.008395327384679472
0.025102189614681254
0.0713775361275748
0.13140891238471547
0.1040332158609953
-0.04112013510446955
0.001123518710168031
0.01387607279101045
0.01037814384989957
0.016395149344083242
0.05460768196950232
0.11272713437078263
0.11371590196232302
-0.018526879273501537
-0.008434666221818671
0.008603828588362382
0.0032925525488453713
0.0166771412875185
0.047310029504697815
0.0960982436547675
0.11313147188718037
0.022491711032032825
0.01337223702849699
-0.006718912654805717
-0.022845898632080936
-0.0002480526088333981
0.030686582673435995
0.08227325234527832
0.11758094272566422
0.0526034231289699
0.0489796089113716
0.031159399531693787
0.013013636624787113
0.03648909313542962
0.05571107079309749
0.10772670078454237
0.129348888805492
0.06973508804987748
0.0753923602419846
0.048161860355593056
0.03627040104225038
0.06953826151508559
0.08337602748172626
0.12494928939807412
0.10552186043651948
0.05542935399755066
0.09633812302184631
0.08530560970148177
0.07064671690878525
0.08760604436248687
0.09480672531057094
0.10944758697563961
0.064963245400734
0.04426522136919319
0.10891667886366645
0.15236568444395357
0.16370082757286236
0.15450571152258125
0.12283939570089263
0.08310488504542353
0.028802632848294322
0.024812114715872836
0.013465778867668535
-0.0055517786464334045
-0.021285161141795583
-0.016355094549445892
-0.01662022753934753
-0.007012450583756131
-0.0015867154393601666
0.03658953834724168
0.0137013701396263
-0.0011286095708622416
-0.017010387596788856
-0.013476179867146191
-0.017147539152219785
-0.008582664708186583
-0.006128252116489123
0.04325196223733857
0.010488867893968148
-0.006261395428613498
-0.01922668770233433
-0.021391034639840472
-0.025003875139437616
-0.012592921615135585
-0.011001806901369008
0.044358484761556745
0.010983644876386561
-0.003507912986090663
-0.02235502550980623
-0.029117075232829023
-0.02653513514732224
-0.022223087786622266
-0.0141357450204902
0.04173406898475944
0.013830852721912805
-0.005719794515961269
-0.03824046435928148
-0.0535046058250918
-0.04110250417594316
-0.03676411284119442
-0.02191307613560457
0.027977591240639435
0.008968624315795705
-0.016715909952393537
-0.04173272387215492
-0.053035351381612424
-0.039465721822653545
-0.03218746109943233
-0.027019227086560262
0.01967740358358885
0.0045172607005035436
-0.019578588580669402
-0.02487457169636261
-0.03293574875433422
-0.021463672234105332
-0.023097495993523877
-0.032224712446622644
0.0059921955854644075
0.006752925585747067
-0.0022766612768973294
-0.007216807155727294
-0.012469163395127892
0.0007407818867401687
-0.004381407370876346
-0.03332743413949
0.0014777446535992034
0.02034908959196597
0.02403814317414633
0.01486480483356102
0.011114123936799097
0.012025131645193995
0.009223843452810078
-0.03106549105698772
-0.0031066999916032137
0.02013460599827548
0.03597985747022769
0.01743979906488035
0.016391543007694086
0.016306858969305848
0.012332059034191939
-0.028205602997995346
-0.0004444213619080898
0.03479111470940035
0.04667495420985534
0.009792345103906138
0.010733377936780206
0.005720009700873709
0.02286903970184569
-0.011564087337544517
0.0013048050674626136
0.04219025128810679
0.033004682075472094
-0.007678390185068685
-0.003269766011428709
-0.006425800623249791
0.03289959645747158
0.011907517032075514
0.00979794877346126
0.0476723048702228
0.03168464860197133
-0.0033468004623294764
-0.0073366315760497935
-0.0070192675683762576
0.03152223430421276
0.028837479266108412
0.014239501388823017
0.041938789848673864
0.022044855429511928
-0.019650081854916207
-0.022945516010357114
-0.006863931488911624
0.024485590403323803
0.03730946120835549
0.012572617587655746
0.0326026820824589
0.011501924419432569
-0.021928636040754776
-0.022575888916034546
-0.000536078100900263
0.021675042479373456
0.03539077172309184
0.006379774235127169
0.012370236956288834
-0.007967589559158487
-0.02706135318546686
-0.026075804083650723
-0.003253521674092113
0.018760349517247404
0.02940526375700992
0.01761076461630175
0.07476066823090809
0.2044071321026574
0.27925610289652597
0.26366107835576125
0.13492812503103171
0.04227553722873167
0.0074600617270813374
0.0036877127726305183
0.01659629910775693
0.07627215831320547
0.11317284517880262
0.12908365555296233
0.05578796278435172
0.01687614048276766
-0.0013134236603771104
-0.013052777907873996
-0.011099365679908544
0.018470266466948822
0.041304261459155216
0.06531972005612117
0.01756264237514318
-0.003269059415137159
-0.010620039591869973
-0.03636048115343011
-0.03946534166047041
-0.018967501047869213
-0.008699579986212264
0.015054627352515974
-0.014043563911003941
-0.020517625072467814
-0.0186672470965933
-0.06897087335998764
-0.05494337743180948
-0.031173769411670466
-0.010073380331922914
0.004035386894695798
-0.0330528821391911
-0.040040890333888135
-0.0368502674841404
-0.09749697983628246
-0.06285218007341561
-0.030263604111609964
0.025819837993450986
0.05084116688739461
-0.008574573585045328
-0.02520856425681906
-0.04297082781097061
-0.12297937402262091
-0.06738113003843549
-0.009270959104947138
0.07229660952764402
0.0928573779164869
0.003273515442030823
-0.022787301026639204
-0.046697710343719424
-0.14266219074158368
-0.05852699808872283
-0.00842818992314835
0.09726088297224617
0.15122634588525521
0.025004555110129122
-0.020919138680983374
-0.04423647084322018
-0.14876932096668652
-0.06286235206713357
0.023900571399434006
0.17031254074413182
0.20867525965548495
0.030234902905106917
-0.02052472150200716
-0.046578665743499545
-0.14144621106363758
-0.04781750103885592
0.05980571439616235
0.21023179422565944
0.24608075388704692
0.0467699921242474
-0.023877223421527538
-0.0580414653993068
-0.12431555758656034
-0.03682279954518484
0.06051198112520691
0.2243476512394552
0.25505506636461484
0.06066218953606492
-0.030076884388147786
-0.07340039989320087
-0.09084267280384041
-0.017847793011336033
0.06537429905200524
0.21039475151293544
0.2185849822487824
0.03748416932755457
-0.053490498327700066
-0.07434969870280118
-0.06289883103351138
-0.026321293291897706
0.05629767966963343
0.18080429176435572
0.20802566313642615
0.06499306078765231
-0.003609360184890943
-0.02887101539369316
-0.020731953436940682
0.013241224680236668
0.09258387509003034
0.18816803765663415
0.23220002676744736
0.11392903116935627
0.026069569842125113
-0.0038706636813964595
-0.004460454874511029
0.02715538794906489
0.09878231123951563
0.17478359840003085
0.23381654188286122
0.14008738256774977
0.05067260257606204
0.005893165645384097
0.00483206226868027
0.03232366324129149
0.10192748737703575
0.1672354756781996
0.2494115409619618
0.18008369162783663
0.06868396612480823
0.017629854803904978
-0.00010372243125403612
-0.0005363560397596388
0.001542652887410236
-0.002526424408799824
-0.009769342966644515
-0.0046569862809812245
-0.004726697914338483
-0.004103194623808555
-0.001236341767302262
-0.0035448447048285914
-0.0055420248678698025
-0.00975658595506282
-0.014646528634063839
-0.0063338216530278565
-0.005377771723614104
-0.005358497557468732
-0.003641710324370546
-0.0071827016676483495
-0.007982004961334329
-0.013944193758088232
-0.0171850397101974
-0.011843401363064113
-0.009891793061118445
-0.009965115320504394
-0.006935489874028177
-0.013492477013043852
-0.01379439137253739
-0.02011662444419224
-0.02013470263829087
-0.010974415228196463
-0.005797560116789907
-0.00879711343186337
-0.02629660512532079
-0.02926473284053365
-0.023876299194438805
-0.030596920037900707
-0.033575564443974686
-0.02260635648702337
-0.01283893070601408
-0.016179380406746078
-0.05060571477355799
-0.03427486202324387
-0.028615060903585468
-0.044261135923908845
-0.041552229233952326
-0.02540058067584687
-0.01781597091715134
-0.02420500053876078
-0.06562431670707503
-0.037846989127606145
-0.03464269250007171
-0.046223340871972794
-0.04126658038074378
-0.014848514685676913
-0.013106696871153319
-0.02996460949017249
-0.07797280409870912
-0.05007923317128079
-0.046085854519958676
-0.06571127717685933
-0.0453647477588703
-0.01465799717972268
-0.014254367628123661
-0.03015218931571646
-0.07854259195528483
-0.05997183734946225
-0.05571237454912141
-0.06133610613858924
-0.030731284904238345
-0.012837825238809572
-0.021976028822198426
-0.03377715184985425
-0.06759129770733416
-0.06583361222070777
-0.0559905298643251
-0.052084413793981106
-0.03818209449136517
-0.026560366018223747
-0.034956619125657805
-0.042987883254610074
-0.04395188454715508
-0.04317103662689411
-0.04415500989695262
-0.050286177100117575
-0.03693791661870156
-0.024273319654650637
-0.026789888446285104
-0.03773334887187958
-0.02804736676634494
-0.026078140702880295
-0.026200641529306134
-0.03689718366353829
-0.026675366800287228
-0.007082545787074996
-0.009326191052355378
-0.022276585918728137
-0.01728365548887956
-0.009119356577361851
-0.010943583542852164
-0.022515949570111587
-0.019436326168547416
0.0001731497459153364
-0.0013048452547780923
-0.004316424189660257
-0.012344887301575007
-0.005175537317093403
-0.007198280197105357
-0.015765638802469777
-0.01966925573588572
0.0017161182219330338
0.004610802263306546
0.0021064155692078644
-0.006743575015372329
0.00011731480316542492
0.0014729037493259299
-0.004173628899002809
-0.010789758276972174
0.00718058146661465
0.008817051841314679
0.0029908627599708297
-0.004468201892144306
-0.0018371554867891487
0.003378692857604094
0.006529737466633174
0.001005286860573605
0.009445661921481505
0.0055126184898878815
-0.00028112255678269197
0.023836986925455973
0.016039385995336462
-0.0016609352608282523
-0.01817553636465734
-0.01664461709755334
-0.006401379205685957
-0.002990111932934315
-0.003037093724381542
0.03219527343439582
0.017778779125460244
-6.134680727999191e-05
-0.014991829678428102
-0.013422357864876576
-0.00428408982574432
-0.0014767084138050121
-0.0018446061782340158
0.0461202354157814
0.025460011325064893
0.004226778888333374
-0.014547507752747981
-0.013740237601947824
-0.0038093314496547245
-0.0023154154389343506
-0.002726986239074033
0.05352818500809466
0.026973311756399034
-0.0026554829717915134
-0.0206219305696427
-0.00810394969667292
0.00709712339083895
-0.0017002411712915776
-0.0066705405578152575
0.055170790580577916
0.018750605696651747
-0.007972745561802488
-0.017636225951781843
0.0008694101742249743
0.007650402379692705
-0.003536333460171925
-0.00543624587019766
0.0483493633869622
0.017461988578302706
0.005406527419500642
-0.005249059032928998
0.010386377194196553
0.013465501325979595
0.0053720389904666046
-0.0020258319957561855
0.03953159782844424
0.027506791586148566
0.023367080588326226
0.012209302518288962
0.025530792327501578
0.027808268903869917
0.013960495322916391
-0.000663178538620554
0.033407518243847474
0.04518004871743717
0.043247030068229206
0.018173874557052664
0.024872347716482245
0.023086740396631732
0.012586556496803309
-0.0024823645491291587
0.03376347281661768
0.06630605026175584
0.06057957636452612
0.029543749251695835
0.026464356239832114
0.02176482388727352
0.007719807415070934
-0.007985112438652152
0.036955077087198356
0.07112026206238407
0.060245299466428696
0.027084037333233887
0.021221355896600343
0.01796672558132538
0.005200173965042691
-0.0102226813743423
0.04181613322686669
0.06835202805281337
0.05961610814997147
0.0276886486145099
0.0243189768064838
0.02283388769425479
0.008495793221264682
-0.005787151864943077
0.040322372967303365
0.05937862466536162
0.05264238151219125
0.026455819820787128
0.02590870702775748
0.028283801469861022
0.017770700762399155
0.0026677475407762964
0.044220785128404196
0.04815883076692239
0.03485015049541458
0.014931876410995467
0.02143977176846049
0.03367641989744025
0.03393462049932722
0.020310866434621037
0.03944991873056884
0.04236307580754195
0.02205906476933502
-0.0032063090026597406
0.005213434552702882
0.024011057422306446
0.032264236930958035
0.025517094148845232
0.03350921623355473
0.02946825617717125
0.011741554835202152
-0.009170273309114749
-0.003401007670700867
0.013569528468042456
0.028438385131414605
0.025247409557008466
0.021335945522795337
0.023880863331950393
0.006709754255026497
-0.011638988184259133
-0.014317287777833254
-0.00248478122556949
0.01575565197368848
0.02153343326209016
-0.0021085097883972175
0.0067176883969642396
0.055697783357174534
0.10085635786743535
0.07303508176668663
0.023817676859566286
0.0021679460012610963
-0.009543162618357841
-0.011228006347656003
0.0005513454745049169
0.0541835343167276
0.11453256605510723
0.09155417446251747
0.013742496295379915
-0.011666992006404897
-0.022720266479421193
-0.034161014127924855
-0.017037042473393032
0.025378728304274057
0.09674974902353817
0.0855983220578097
-0.021393655222163046
-0.04717561891217578
-0.055556260773798515
-0.055634065717188354
-0.0310589664559024
-0.023742700284374765
0.07474812053374286
0.050671136940821974
-0.09073004499099352
-0.10571787213503271
-0.12368326250339419
-0.10073949825199896
-0.10056420308660874
-0.13720266351597407
-0.02159054804891949
-0.053863994418156466
-0.20073985638434305
-0.16841383223711162
-0.19849045682747182
-0.18578919455922432
-0.18725885452886573
-0.14181771827682416
0.02639311115698212
0.014292534883158426
-0.17467960910731994
-0.16727586352511128
-0.2229349633998535
-0.27413558530346627
-0.19099762458576847
-0.103405697607292
0.05027943752587184
0.04932189309549037
-0.15586587865875368
-0.18758506993291907
-0.2391948328104007
-0.2951746300942503
-0.15057574530778994
-0.0992195239826763
0.07037830453749108
0.06218455681967031
-0.12172317707742203
-0.17461775128464527
-0.21423762253153042
-0.33092280163764115
-0.17000132035555385
-0.11066269401931857
0.0788620184130166
0.06917086707433821
-0.10319361489101916
-0.1888193412424954
-0.21897369209639034
-0.32229702658804493
-0.10324485431093872
-0.047715598872973525
0.106768123047678
0.09725236855935766
-0.08604316186267649
-0.22495332711372817
-0.20436994212401474
-0.3003480227260637
-0.10056280966264507
-0.07180614767373501
0.07531894850548951
0.05632960483238365
-0.12344697956935137
-0.24541083742585074
-0.16567539760196115
-0.2529456469446037
-0.14013643794978903
-0.09228170773762547
0.02242173478808918
-0.001171190987881001
-0.13323906912432779
-0.19655217549505663
-0.12107646750633584
-0.13153886499045553
-0.07592839586750565
-0.03293854749495507
0.024914381196894504
0.025286734905489407
-0.07596735876814145
-0.11532444732863097
-0.07459854138623426
-0.05985008372392212
-0.05518885042348496
-0.002000204696173132
0.060557742224955545
0.08289342162714801
-0.005677560513252049
-0.05213103279356804
-0.02983790468680755
-0.006905191504204472
-0.004403643397136437
0.04012198064435987
0.09214911228854718
0.11640972784447201
0.015785240838343702
-0.022796918064867774
-0.012758238209318587
-0.0022648829493748645
0.0037858431729072537
0.037286546204471964
0.0763297847313069
0.1365052243500293
0.06581043129328591
0.01686600913792486
-0.0013944559967120165
-0.009863946987607832
-0.009746779778161909
-0.024221574120632545
-0.034252610883991244
-0.05549373330007738
-0.04739431637885407
-0.046745505272449264
-0.03420216375625066
-0.016276546497526672
-0.016022787953539314
-0.03431513349602085
-0.03307937042743848
-0.05314897599705797
-0.03947868447999972
-0.04157459246630139
-0.03937876285595833
-0.02332112204023886
-0.019796485814813553
-0.036421589618092054
-0.03196898084709841
-0.06528990309788174
-0.047734465102521835
-0.04197532328649246
-0.03852419600725257
-0.026691499728376925
-0.021567884283361653
-0.03803236827646868
-0.04807973846322237
-0.07271089379811098
-0.03797393666839148
-0.029271484813964136
-0.03203920124154143
-0.00978605390920698
-0.0206460480608991
-0.05528579262116713
-0.06908846109380787
-0.05709321439951202
-0.016949164462462068
-0.0047330649578576035
-0.011636235246820625
0.03317843367014534
-0.011046289477628651
0.0020517231305767713
0.015399006433171854
0.002714698302237406
0.035921550524615604
0.0386320133321232
0.02114955777927359
0.08626991654746785
0.036839146718229965
0.08480380418202783
0.08556231614239948
0.07069027185179216
0.10176951526573412
0.08329390528390873
0.07367012854470008
0.07599617373585751
0.06628148623631328
0.06220785675033231
0.0969835322206116
0.10397461746609936
0.06755539400578615
0.05615410463060899
0.11945153198872888
0.0708599569169894
0.07481896959691503
0.02263723288735855
0.08937767827280742
0.08299128521563068
0.013514558017281728
0.019475807075474413
0.14361991797643164
0.04877603738559565
0.03251644319676666
-0.018590355706369587
0.030611150078042288
0.0254457744014901
-0.034115404142975196
-0.029071939329772475
0.12741527223044827
-0.0014571235798977779
-0.03404614359544242
-0.05012753914796115
-0.02787696574532398
-0.04245725430400318
-0.06832541423290232
-0.044088598125289764
0.06592045558426321
-0.04719502772756592
-0.05360716074042527
-0.05928107603411084
-0.06689998119906015
-0.06899317081094127
-0.07046838473104503
-0.04102817681236228
0.006386738109042048
-0.06791768070390244
-0.048397051058621375
-0.038726005828657706
-0.04766632293293484
-0.05324470137345116
-0.04940473100729802
-0.03253802565347391
-0.017130165145395445
-0.06693202377662082
-0.051174646431557155
-0.030171689899667682
-0.039288041376226386
-0.049273135486294355
-0.030743650839740528
-0.020355256941098496
-0.01611131667996134
-0.04908671994077682
-0.04408064209048419
-0.03114358167509288
-0.04170642257608885
-0.04238209493393415
-0.02057139384811052
-0.014756382973908315
-0.011435951966770566
-0.028293912620577805
-0.04318169730422089
-0.042609190335018886
-0.041261562060423876
-0.0388548127312549
-0.023968188489808064
-0.015460481672018246
-0.009902728897483976
-0.042508125623351295
-0.08266732456105476
-0.1456943446942092
-0.17005991840812462
-0.1809673574116497
-0.17289844548629896
-0.09142966551226656
-0.0448103202111489
-0.07087782927973282
-0.10562053582606162
-0.15251810718859718
-0.13125384001923626
-0.14910027855238878
-0.1674484090260036
-0.08658772062605309
-0.0641764755006122
-0.09728309107494523
-0.16696502292087173
-0.16773848433148048
-0.08813921636033809
-0.11082285040209065
-0.12941693329423462
-0.08294379717417995
-0.08226394508426553
-0.15096051731666923
-0.21550333785436934
-0.1751385230503653
-0.11679572368156627
-0.15298092819416867
-0.1703449568626025
-0.12067921237765676
-0.10409679393421892
-0.15933421544662113
-0.22146081425277236
-0.16332433433962953
-0.04457419279292434
-0.06504824565847309
-0.12793071234504072
-0.12068974110869615
-0.13517428269752754
-0.1529070079804329
-0.24962579579488453
-0.15454321258206036
-0.0684095927124707
-0.07428819906457396
-0.10406748898990859
-0.17765513221778848
-0.15854138924722
-0.13059641215035278
-0.20515022363569485
-0.03645248967153579
-0.054492680146871565
-0.10050320936563194
-0.2142746015339098
-0.15321946747389412
-0.10960707377364484
-0.10253621099939321
-0.05310126401625631
0.03897299336112215
-0.16700261149844942
-0.2630430707268093
-0.2959879493107012
-0.08271969480097553
-0.04993157134949441
-0.09565069093022995
0.004429484213006991
-0.06436251864061876
-0.3175040145345186
-0.38976287402775117
-0.2787505790384773
-0.11161443906070664
-0.040209516818391695
-0.08996101575126396
-0.07353521855885624
-0.20373832381541404
-0.3487372370891893
-0.32262214926115224
-0.16435217440440228
-0.15839588423107043
-0.061265685930581154
-0.09759314455842696
-0.22063984195217592
-0.32457448095306174
-0.3123705477293455
-0.2586934950346376
-0.20578348192356405
-0.23568685555316113
-0.09459525574033668
0.002519550351253628
-0.20028915697098362
-0.328494205138848
-0.23923098872188953
-0.18239070695777282
-0.1337724177372986
-0.16018147933050347
-0.04449646364246637
-0.009406354316575103
-0.17364277613437576
-0.27638245760622043
-0.18868384974686098
-0.15528373134951348
-0.15323657873053706
-0.19325098697954032
-0.11665389922201595
-0.03705289096861847
-0.1583649890849488
-0.2178786848227141
-0.15048355314860137
-0.1317078124279383
-0.13886436040681677
-0.1448867918143811
-0.0943569757493359
-0.04671069224298519
-0.14855746852835505
-0.18198274916683727
-0.13089745667904154
-0.1525739649012165
-0.17366695392547615
-0.1411024324015054
-0.07699011129745452
-0.0407617647942169
-0.12495733351314062
-0.20668528171158376
-0.20706906577373124
-0.22058288843650994
-0.19134183159020132
-0.1141152756504311
-0.04016968382841238
0.002741895426082674
0.005111699078863586
0.00503879036211121
0.008429456624588445
0.001533121409473388
-0.013047846792691418
-0.0025671960520676097
-0.0006961549523495016
0.004831564543088097
0.01563677209806509
0.04005055507721692
0.051066920454523435
0.045859221098946364
0.02623185682494491
0.018609548452470304
0.006704046557835042
0.02343602707370891
0.06032626025747921
0.09579319302330748
0.11445104662557454
0.12040123910204538
0.1075009732307147
0.07124584448748192
0.03715494497415093
0.06067730689530965
0.12609399356619963
0.16717772058737945
0.16983608849847168
0.18024115926397977
0.17399002346281148
0.1487055956973443
0.10582157668302593
0.12458375144567942
0.215263804798889
0.2338245852255261
0.20789888717602056
0.1951910625749849
0.2063968622494007
0.22343224286751778
0.23591585062191245
0.21549298135787232
0.2600975638214167
0.18515670726252711
0.12368173721921535
0.08613129556643376
0.12366762137873799
0.20466941435280667
0.36409974476620477
0.32198619142139656
0.2247518659293154
0.07687532525039549
0.02151478243936071
-0.015057255196863042
0.021341953947020414
0.12924271260813466
0.4596775222131945
0.4101674120320703
0.11658126920974955
-0.005727421916891858
-0.035414820949729746
-0.03361733838033136
-0.008050459424474394
0.046614459046764
0.4926166130330277
0.4534146411531376
0.05214569795630954
-0.02353094143953729
-0.04175349234060662
-0.01896035666029467
-0.003417792947843942
0.06647184133182174
0.4915796246570647
0.4626074393204057
0.038921691582162
-0.028841060043910613
-0.029865569910551996
0.001223273142229179
0.04381952421344505
0.16708588947447864
0.4346124273228586
0.44185346302355677
0.09746000184628059
0.023195970940763245
0.025777034956170834
0.07027330935765191
0.1547252003775826
0.25944328792592336
0.31280087041015764
0.3546856428637342
0.161824058375006
0.10829298234994329
0.13001921262856148
0.18086895968672934
0.237187642689386
0.24332753825882317
0.16268867957292277
0.22500516984838673
0.16815780400787406
0.142966145855324
0.15969378726693245
0.18626002942014433
0.18723707430783884
0.14847824966787654
0.062381109480409605
0.10696253235554931
0.11075853347450602
0.10898918164932586
0.12483227965143151
0.12340737090661215
0.10737951158844998
0.0654724311387018
0.012885473784312906
0.03525352021157135
0.046479189725071764
0.03970505736387421
0.055960235557227414
0.06382719816187182
0.055434016288036805
0.02058967453116938
0.00048477104991470203
0.005609528306030599
0.02187817213399058
0.02305442576531353
0.036306597501913715
0.03238047630785473
0.015180367972511903
0.0005271294101333001
-0.004944745468698476
0.006327137542499023
0.03522076745545882
0.0738531431654028
0.07566203616855319
0.08965134905220151
0.10212445951752237
0.05315742272750536
0.0078311025635023
0.025133186085110018
0.05020175644572857
0.07418566944593341
0.027787909394861036
0.0247377829851589
0.07541105988377164
0.08418962920111674
0.030636605884607336
0.037854017205038254
0.05312377188763651
0.06613660401670059
0.0037087552196400165
0.0009784755829805726
0.037595692849722
0.0814964192764882
0.05221654519162162
0.03387136365024548
0.05065467369467639
0.05486909801384606
-0.020415989142642834
-0.023276614266819023
0.009817935584720192
0.06483906747905788
0.056907882415015355
0.01029140189406018
0.03508694600844246
0.04327052410748434
-0.034687839457224236
-0.036089648048011645
0.00865636530317309
0.05256505622985609
0.050462119459822354
-0.015324787472892685
0.035036821915753025
0.05005803451662136
-0.004191613567241722
-0.007379976553179926
0.03537099979899819
0.041188581163558446
0.03421116017356403
-0.016999673570395137
0.048659933663212446
0.061817053925782045
0.01815344689907134
-0.004324630193984485
0.04058421156143373
0.02395801307880884
0.003940163390748564
-0.02687896720984639
0.042323507297108875
0.06538989741325466
0.02288307384523375
-0.007382193892723023
0.019881055818240564
0.0010872101698395458
-0.0237051257705249
-0.028858695190831396
0.04504752845931165
0.057968397771133905
0.01247349509497741
-0.02738924317492747
-0.009654930919454569
-0.025228168566606427
-0.047307087613437576
-0.03247714701779155
0.04429637091766796
0.06170075122711632
0.010256977823287475
-0.03437758652341912
-0.025976308840006637
-0.03582306550128693
-0.0520153330375419
-0.023354009634366034
0.0332017783485875
0.04621558026076558
-0.011161987500060873
-0.05895113866230374
-0.03659596048979189
-0.04874358566428703
-0.05431782488583755
-0.009673597239621412
0.0335151769194575
0.04955189138373095
-0.016575330244231745
-0.06826682849926718
-0.04885348717605327
-0.0597251471665037
-0.049812150128545826
-0.0029738329256335755
0.016506497702993804
0.02588380679889123
-0.030102865552064918
-0.05210900153313401
-0.03784629906769747
-0.04420614326567312
-0.027360579722004667
0.018575368963022917
0.03082447038611258
0.03225470497914225
-0.021059813772929415
-0.037181202489950535
-0.0315022822589984
-0.03272877673961788
-0.020077631242186592
0.022588845337491337
0.024956704672437973
0.03348176739524384
-0.012872636717518805
-0.03757524233752401
-0.015884006696244676
-0.027812395051747093
-0.016221069035280027
0.018856881420561716
0.019319949675251177
0.03608580249553707
0.0006784474962728413
-0.03570075216368873
-0.02139287826188038
-0.024685743434744254
-0.009607974001625401
-0.007000104633453695
-0.007431884990088905
-0.015196916148467769
-0.03849424002216883
-0.04290996741133929
-0.049734848196591595
-0.03889219428610534
-0.017508276410183415
-0.012532354876785697
-0.011125190276860857
-0.018329175697078193
-0.03520790588732161
-0.03782822578582348
-0.04926888210073543
-0.055565586937205654
-0.040206150284931436
-0.012649647327792356
-0.025531867512022122
-0.06319565826060235
-0.08058404134594029
-0.05672428392673511
-0.05815030421834591
-0.06628730121563528
-0.0702294202186101
-0.03089909659409477
-0.05802413978041608
-0.09589662997718852
-0.11865792435989264
-0.09758095274127948
-0.1123729286692678
-0.11258569526042506
-0.09185010813419241
-0.04799919251698045
-0.0753933959291174
-0.0939401928879175
-0.09580088491316543
-0.07774095542820356
-0.09374854270593458
-0.10046381800755694
-0.1038222398984171
-0.08097281527823658
-0.09967254078376778
-0.10173997365100443
-0.08551892868329147
-0.10029641310737812
-0.0895567061218007
-0.08123972829121352
-0.10467234294034253
-0.1185829731662436
-0.11096355546358036
-0.11852785785186247
-0.12226211304772383
-0.12270761214535514
-0.07428921933828046
-0.06580020288620907
-0.09299771574666155
-0.14706151582972463
-0.11939204587322962
-0.13861984654103368
-0.12706858649294722
-0.08486467430610613
-0.04960124791994205
-0.042113663096026155
-0.07817864598298034
-0.1782908350136743
-0.14146446380815064
-0.14229171709655708
-0.11359858237249008
-0.05219214358542661
-0.03704432629339247
-0.03173868244450938
-0.08003801745269169
-0.19607396157537715
-0.13707576478303898
-0.11646972221074081
-0.07999173996237846
-0.028006378443543308
-0.017657695042993797
-0.02108032537639298
-0.07901372064776087
-0.20633179484505887
-0.13180659601779066
-0.08196870730243748
-0.08724743450114851
-0.0361785562131869
-0.020468589177809738
-0.027157456139117853
-0.07919373502717593
-0.1913807270160577
-0.14824547954508138
-0.11026780729936736
-0.11611822404049513
-0.0695162391547561
-0.04206217487419338
-0.0498513547310099
-0.08889524908839579
-0.14286268169748279
-0.13326798513225918
-0.15056761084947728
-0.14722013674252646
-0.09212694406496304
-0.062370871957736974
-0.08717915301294282
-0.07186722033359845
-0.09615755524664465
-0.07399277470759986
-0.11033750521090357
-0.12917533255449834
-0.09620314768069092
-0.08030926429392425
-0.06704349961230904
-0.03255907881738346
-0.058681150639491864
-0.05943971681656965
-0.07908724775501633
-0.07921661652846453
-0.028444705158764794
-0.01773198665837604
-0.009165834681797796
-0.007922086304048849
-0.027382689464286538
-0.03978857678932093
-0.05040128208525818
-0.05900536972399393
-0.02061314181702983
-0.005571066322675349
0.0018595804756290643
-0.004534802353529191
0.002358439899013549
-0.015683211467085675
-0.034934857823098325
-0.008315854085264997
0.008240667744702269
0.018196572801790788
0.02901768907782368
0.032138339263843435
0.005084117580778607
-0.010341437799427618
-0.0352160554357462
-0.009468345274086637
0.008024207572257278
0.010713794580873943
0.0031417430338568984
0.01497755248164207
0.01551712514296542
-0.00513427575286866
-0.040364738747048316
-0.026748740123952338
-0.014621929874389369
-0.01027640843355235
-0.0021088219378081795
0.028015828867093036
0.04196547561983984
0.025047647172581528
-0.017024373345610373
-0.004636473984343385
0.013358073505119942
0.017059247108837283
0.006393435394777992
0.03454361067555628
0.09427589645164787
0.045089338170348596
0.009037086710408267
0.02963454314057105
0.04327538515464344
0.047499074774465765
0.022840968490514712
0.034200273275645086
0.12656770205872037
0.06835540514532562
0.040169701202672596
0.02996192919693895
0.026921415434750438
0.00754460186561663
-0.021568281371592744
-0.007763726412859243
0.12947971781637257
0.07204288660888958
0.036706267958969765
0.0013256191498673148
-0.011315946997251813
-0.032076914397010665
-0.07648225382988877
-0.05119425135405418
0.10476021732064318
0.08599475516633912
0.04758161628021795
-0.016491633894197468
-0.034836790544221806
-0.060952490159026866
-0.08114710586278755
-0.06580783118413812
0.09592291811173784
0.13703705116148104
0.09221161167743674
-0.011728227908910963
-0.0402585632864387
-0.05359021962731721
-0.059345387816650066
-0.06897052351606718
0.07737023518126385
0.13888128288422208
0.08740385695332581
-0.010831825162844415
-0.04049858075576232
-0.05470746469346636
-0.05250442452773023
-0.0740637576799664
0.07612813768406418
0.12521389615210146
0.06945909033790477
-0.00502378617628184
-0.026032826989555526
-0.03834226956224493
-0.04501957129899896
-0.0760005369988813
0.05860930796712865
0.09976750833322674
0.05775111718310922
0.0025103727741770236
-0.031074414477109184
-0.03626386655433336
-0.03907393903494212
-0.08111881204677959
0.04143324279907743
0.056519770309993826
0.01850062219747425
-0.011737990612975448
-0.03988876944039329
-0.05337639380420129
-0.05207736596727035
-0.08126752819892262
0.011294943303476685
0.007143566742092795
-0.0032310685512599497
-0.012983459207363672
-0.03903518091485869
-0.04692054880586507
-0.053157247855126114
-0.0644767008496382
0.00946287106086688
-0.0062939222492544465
-0.02413098399378613
-0.035997263430521786
-0.06069847327826769
-0.065299262138415
-0.0620988324138467
-0.0373224270550544
0.0030111350415847472
-0.004757562890417606
-0.027534719397170594
-0.0448174330468499
-0.06294439534534305
-0.06404909793384167
-0.041266414941403054
-0.013975336692196048
-0.003799273457207308
0.0013497780282793167
-0.002308827968620535
-0.019473056918795664
0.00039222463750221784
0.011737832751313546
0.0067963606907021435
0.002791327351621124
-0.004759456818268633
-7.007606759867164e-05
0.00440103085576629
-0.014417806304261135
-0.004044010675130425
0.006525663391160591
9.285240816853474e-05
-0.003581905159989765
-0.004817878283465994
0.01135917741454339
0.022541320931032366
-0.022842593659297524
-0.01932819898732704
-0.0174068787707326
-0.024770352346580756
-0.022289078882944454
0.003473430256375641
0.01661743412286264
0.0043375629034918105
-0.055788115685982416
-0.017225032478664845
-0.00040399645739425664
-0.0204709734525663
-0.03816080161508345
0.008073598074908766
-0.004537366934894464
-0.03760724777363004
-0.07142564462977163
-0.03580591122069532
-0.022057006799753958
-0.043903536007414166
-0.05801486206567651
-0.03269963255917896
-0.04883763252797837
-0.03588760515654975
-0.06500397195051513
-0.05249680624483957
-0.027655340118724125
-0.03737269012236566
-0.07289582214559256
-0.08800730809524958
-0.046642218734879386
0.018453238606511043
-0.02953364809206142
-0.019482155248806487
-0.01514259138738376
-0.029442186739264013
-0.075779431383547
-0.15616375759897785
-0.04451056806153925
0.034653369105011926
0.015679708217930046
0.0121354143013735
0.00887823647748092
-0.01287361812966838
-0.06507042951033347
-0.19494477082278913
-0.06003279535190278
-0.016774273248813476
-0.020766785255132623
0.031320295347396096
0.05192530483161128
0.036455736403230854
-0.013710084685823373
-0.19981240012650886
-0.07787786874878616
-0.048671981902897406
-0.056419117677831136
-0.009322277141254491
0.030423995888706878
0.036277274242096855
0.025990592971281434
-0.18020204460682557
-0.07945215026402483
-0.04541737777260525
-0.0704264700223328
-0.03905802762914958
0.007283944236159284
0.018316746637500516
0.038928927654261467
-0.12902293862098696
-0.08436664856021571
-0.04069027344315186
-0.05346157348103555
-0.032013787394138106
0.003691222594358168
0.008005876787971678
0.025127141314839938
-0.0502884568917011
-0.04498300826195886
-0.009326856793195773
-0.03911575833128419
-0.05506522060780213
-0.012548494269729527
0.010384959411677684
0.02599785598545879
-0.014463541037917122
-0.022412972467600736
-0.007436483777404216
-0.0362512079598985
-0.04672410986231806
0.01805279773957996
0.020640700424936792
0.00973785256823381
0.0022428347972436526
0.004950863733136618
0.001079903445382023
-0.01789241927972293
-0.02644466048428645
0.01623101707365208
0.009937227194621607
0.005339541267802482
0.013137233804665702
0.01769248722910654
0.014694659251176407
-0.003975234057177992
-0.025832685443414532
0.003212844604723109
0.003705701881098129
-0.0011967506759502152
-0.007982010842318076
-0.004115677195595081
-0.00023236753363161262
0.01117224481896411
0.007208643707463788
0.0018707653195989607
0.0065632618931125925
0.006824382991406394
-0.012297516639934737
-0.00820887125822328
0.009916634085889836
0.02764352856261982
0.021934838349680647
0.007361990733508211
0.0007713860352389114
-0.003006248431500863
-0.0162334752425621
-0.010216143917238739
0.012824766163778603
0.03371662956463256
0.024679317551987053
0.011010686179623672
-0.002035299127651472
-0.01224535792242751
-0.02177263014839503
-0.007596980742552159
0.01933201692739532
0.03868192837791147
0.02588294116900936
0.019129867186642224
0.0018648689755132138
-0.0140929793742185
-0.02459878595176437
-0.004775832242999689
0.0172375283701345
0.047525719494571426
0.04058703465067251
0.03662587350393233
0.004263544633591062
-0.010078613049306934
-0.01305014326728236
0.0065552398890850825
0.023513526764360047
0.07466501698641367
0.0802383244503866
0.039578875991970006
0.006345032764112985
0.00628365485848492
0.007522466654742738
0.021392948807256628
0.03601777321068975
0.08485039826332272
0.09529462146854834
0.06418751335411806
0.01908947708565222
0.019056998270453155
0.011626386863727007
0.014394341601679553
0.03332469147996388
0.07566681358176684
0.09020605721119695
0.05768346464057548
0.007031143728218097
0.012122949343311705
0.013133846540482217
0.031644180402128255
0.0371791280225335
0.08290691108675029
0.10341557975299033
0.06575346501434844
0.014558605899135867
0.003231390480032793
-0.014360101135945906
0.001093104432002858
0.012584819653137914
0.06549948735055705
0.08743650611614079
0.028846395382743396
-0.01599183110336583
-0.02937749422609895
-0.033967162699798575
-0.03972888771555209
-0.01506342677211213
0.04695571821589513
0.07661144082297747
0.021719043656011756
-0.014591546004406942
-0.045701496310589666
-0.0350436031789373
-0.05202219899077137
-0.013114443809688915
0.040947981556682375
0.07212770091398317
0.010776547653663277
-0.01692315088601549
-0.04581875010003373
-0.03685177561233722
-0.05034120393395136
-0.020532378217713726
0.030991788098743485
0.06496961289879526
0.012762478752457153
-0.006053433566319812
-0.02491487946921996
-0.03505668592369114
-0.035945746910318356
-0.013674034476410754
0.024440170342621758
0.04352580046861557
0.007035213716528524
-0.006148674414343251
-0.00823101966923647
-0.02800639152590303
-0.03522151853540399
-0.015926240644769895
0.009661317025194315
0.028054351361169405
0.008678770911766226
0.0030787329684483482
0.002156421013661896
-0.01149374805096908
-0.027343924522748544
-0.02324043647336402
-0.004618089930579646
0.01953795814980567
0.015902294573837863
0.010455538299720245
0.001954631553587947
-0.006330296241610175
-0.016064062060381513
-0.04053532291082606
-0.08968144213094376
-0.08553716308968369
-0.049610633702381654
-0.02874661023522927
-0.014012752980686485
-0.0038405896532188477
-0.025117121898264348
-0.05572155441066333
-0.09298985243544261
-0.07712931733617065
-0.05742319295556347
-0.03414299554208721
-0.014964427849722009
0.019465864945221203
-0.027052602776949722
-0.06823054344339752
-0.11627176382860911
-0.097350460241356
-0.06955372357571908
-0.04088154704772927
0.001772838963381184
0.05744267803769239
-0.051569419326661134
-0.08728859247583856
-0.11383347947036752
-0.07378513273020852
-0.03450544516241568
-0.009604577768253717
0.02920747981954632
0.09715558429451254
-0.10040020650738873
-0.11691891113739421
-0.12331742939413061
-0.07757008223613622
-0.005797932403973664
0.02205851494082295
0.05654855373567304
0.11026077729179752
-0.07544623428233532
-0.051016865708370135
-0.05949439860309652
-0.0560033866621963
0.02137121330466435
0.04713414183203072
0.0755819069147947
0.108537271005068
-0.038401776786580064
-0.05037997646907631
-0.06929036618253033
-0.07003007737946575
0.024881919447609094
0.06449503424120448
0.08349328347097182
0.1071527615257258
-0.005619947777230943
-0.04946849281344122
-0.06413424353744043
-0.05196906460482758
0.0665539748813778
0.0901908642375431
0.08418746759650293
0.09875693060764273
0.0012362023608498598
-0.05925023338199869
-0.04437995420703357
-0.021907457981882192
0.0937052412252769
0.11918261592985332
0.07447212388832018
0.08517303618577186
0.05400392387797563
-0.009119415997934645
-0.010185762676322173
-0.0032333772432731815
0.11029599028653761
0.14396787104276323
0.0735232633411903
0.05621911554297627
0.07236214919671731
0.05541928458084731
0.04227571718360099
-0.005266467023336876
0.07020617177068915
0.10327457620100394
0.070010476303818
0.02198057521787854
0.03593082082171126
0.030589881803571237
-0.013949128615949925
-0.06255691178113698
-0.009288520761088956
0.033749042094885245
0.06205134030395719
0.0008608312638867798
0.0057583494012619345
0.0025215386110434774
-0.03791804949587295
-0.05919275593154621
0.004924803918765087
0.03154788228066172
0.04852303081450002
-0.015300439944646766
-0.016751473559164363
-0.024549790596799154
-0.04530042290827547
-0.07377562237067815
-0.01746228603285288
-0.007645813701769164
0.0023677664499355327
-0.016291954168993924
-0.026048119209947318
-0.0408661823865813
-0.05914242625190314
-0.09584538063042493
-0.03538362315342611
-0.021654059553219984
-0.008985201467429291
-0.010798378630325563
-0.01998062324675253
-0.030129625149066065
-0.0530391343166887
-0.08282999457105464
-0.02641988383573804
-0.01556622889760547
-0.009719754671310631
-0.0016697273761627101
-0.008120470193973106
-0.019711134154371802
-0.024119967851498683
-0.02843389062564618
-0.023297334345388967
-0.012848965878375954
-0.0006220805330139176
0.002703071279286271
-0.010159430112544873
-0.021557603954326564
-0.024236073276874402
-0.030348245427040215
-0.026152179520851474
-0.02056661586882556
0.005485373719906452
0.007211286199123136
-0.010490979855454042
-0.03419594628721836
-0.05199750796792757
-0.058271790964969976
-0.05416549324868537
-0.03034533144935186
0.010904114013424768
0.0029975731432770954
-0.01880550704182394
-0.060225438268802625
-0.0628899716801245
-0.05296025776149725
-0.05029013533343847
-0.016112592770236682
0.010304968525141782
-0.014476436081129033
-0.05758173351038463
-0.08790000400327669
-0.06771784143383237
-0.0819658209021501
-0.07586235665943215
-0.01693886834000374
-0.008865216929671363
-0.051261597846224805
-0.0670956036866154
-0.05525677083043322
-0.042933052032464454
-0.08433921923671343
-0.058241441273462376
-0.0064747859085625085
-0.033175551772448825
-0.08038007282037388
-0.026022852072862295
-0.04161354968274913
-0.04976038037570375
-0.0768289072856864
-0.03430555236784895
-0.007616864236169702
-0.05285469475036085
-0.10428819964828445
-0.005008486090048028
-0.04215419402317046
-0.04531107633326562
-0.055586185200513116
-0.025387591100486242
-0.025414738335705084
-0.06563536437224299
-0.12189449224376167
-0.009020007003067272
-0.025346304290796345
-0.028014112312788733
-0.049098975619765416
-0.036758748688345784
-0.03859511492922058
-0.07929733550346296
-0.12816848166035422
-0.02954027216232793
-0.01714544821787615
-0.01675667963445985
-0.04363607203693048
-0.04448591154740164
-0.042033010781691284
-0.08576320081306216
-0.11973766250577642
-0.07907373880543042
-0.03422222776717881
-0.026037710743825226
-0.03824912537961542
-0.0354853781989687
-0.060366316455505956
-0.09633161363027928
-0.0952788516731484
-0.08287428853782333
-0.035846714184280225
-0.03424278625778163
-0.02304184333235276
-0.029601597587249243
-0.053850317988253564
-0.08147405118410943
-0.07316803467127782
-0.0685782952660644
-0.03456134967849395
-0.030270463936664608
-0.013015023956560137
-0.024486957913411204
-0.039800495515938054
-0.05415738713627453
-0.04605179483884435
-0.04117132912741463
-0.023344746877514883
-0.014263220455967542
-0.009916169515259745
-0.02529264797397537
-0.030227123623706487
-0.024871577398807382
-0.03666892074112043
-0.03357886416181625
-0.02084084888683674
-0.014782198542343894
-0.017044659151683274
-0.023390361327042846
-0.01598860416973253
-0.010475466648581136
-0.023827195475182514
-0.03184868198920477
-0.02869291846787537
-0.02523119125407077
-0.017452454856649702
-0.01470724336217094
-0.010690897560396458
-0.005289680757361383
-0.00262308748853886
-0.005156470505036935
-0.007855947222323485
-0.013401265149490475
-0.014290991114987736
-0.013444416506827381
-0.011896180315545698
-0.00757717259953106
-0.004888400345901565
-0.0077549555182945045
-0.011751119228756069
-0.012529907721768914
-0.013120188806650576
-0.010737096831164444
-0.009939274865837061
-0.006143927149676434
-0.007770850663532188
-0.011609774783531616
-0.015564774719143217
-0.016277856667196583
-0.02106538603582641
-0.014145690600893634
-0.013202951747182836
-0.006265132256899666
-0.00891895652185905
-0.017314968001140053
-0.02483780346725193
-0.024113039253083623
-0.03267715896003571
-0.02272907816991886
-0.01868288642667517
-0.005173786998051484
-0.0049162376919397455
-0.029597839192708465
-0.033108241512081485
-0.03368322692951571
-0.03443857159976086
-0.017863924102739563
-0.010582472686261557
0.015293180679137212
0.01056834889369014
-0.03945300563419981
-0.027580900399311107
-0.026488615618247318
-0.019718146083186533
-0.016271652272543107
-0.002143195700370306
0.040784726567182544
0.017400952748790995
-0.03859746004191474
-0.010851134272509324
-0.0006866796652126079
-0.0057407790946235274
-0.012334044137525054
-0.00029558556936243915
0.05297587420265929
0.02266262431429678
-0.02014763281775342
0.004350896584929871
0.02203610811157859
0.0066788764125894195
-0.008079206925852227
-0.000454636444699731
0.04900545650180039
0.020701786088004524
-0.012628964367815252
0.013540491654034183
0.025617645661681315
0.012035947778478006
-0.001996277173007595
0.010075845875783024
0.04200825145051831
0.01437364979202743
0.007424903296828249
0.030512428223778074
0.017954727544006337
0.01730957515941889
0.017606926391789957
0.02477376123402839
0.027441296186620952
0.0022133039095109256
0.013228701426476702
0.011768085662826621
-0.0025114588657448272
0.010521129621981921
0.019401669443264383
0.015241630751139526
0.0025539642740406016
-0.013351276450526174
0.00013395289663695198
-0.011815275034048684
-0.014020915551242748
-0.008438629884162508
-0.0072619499624288
-0.00883889706311056
-0.011855103071908296
-0.023467888346963752
-0.019070619517136938
-0.0235598940299935
-0.025269009338770246
-0.02446147434326474
-0.02064007423663869
-0.02030992369875197
-0.014275032897281542
-0.017708454302571185
-0.019914245219582724
-0.018763739630590776
-0.01769378927192959
-0.01885758728288716
-0.011396167934440272
-0.012505277061711482
-0.008861942525232015
-0.010490149839585627
-0.012328876036630408
-0.012334340232005553
-0.012319844519535331
-0.013772426796328799
-0.008834169031419046
-0.007478618994594849
-0.004252637941996181
-0.006280699770161612
-0.00864696787700456
-0.010355364276339228
-0.013387965027618591
-0.013688130878659038
-0.008617364055282468
-0.006301320133787787
-0.004070320852870585
-0.006592921538611835
-0.013193868313214095
-0.03185525198579699
-0.041150182745500814
-0.04246269560127575
-0.03398055410539684
-0.017671861715448996
-0.006491414583223714
-0.00809253811201757
-0.020332398702342547
-0.02705456209482527
-0.02779542244893449
-0.022939459008320395
-0.019605961131304053
-0.010198057866314234
-0.003592139209405341
-0.009286968751440021
-0.02179250877654258
-0.025427350593904028
-0.02375676690335064
-0.02067218723074147
-0.016618279998157556
-0.004097933515133111
0.0005622202895104889
-0.007834126726339577
-0.02025312031562886
-0.025473400505338088
-0.018683796152126234
-0.0201093602112815
-0.014689518864572496
0.004255253856462681
0.003684867130461807
-0.012184098589021253
-0.021454575596373822
-0.01891921374852193
-0.018278752766371125
-0.01993741497298882
-0.011786457945317734
0.0005526840727877541
-0.0036896589658185234
-0.034399089293301585
-0.013362222602141652
-0.005578777204707114
-0.025007697751035257
-0.015299710061435165
-0.011002842921444007
-0.02308990525723187
-0.018297460185601827
-0.05295418851612769
-0.007644672918209618
-0.010646154479731594
-0.015703012313207244
-0.006954219705053566
-0.019786765382265644
-0.0395850366335572
-0.026703901348435383
-0.06786418553228181
-0.015504365574608783
-0.004607311412756677
0.01443113933813525
0.009140493427136688
-0.02269999707873474
-0.043525710376341516
-0.033208168837889566
-0.06821392803153078
-0.0209416891061215
-3.367266632259466e-05
0.015642954247840863
0.008005639429738833
-0.02042101235775877
-0.0340016932792401
-0.03857232326490869
-0.0573658356825788
-0.016277718477565355
0.0009725080127245285
-0.010042085820821625
0.00010770312977633853
-0.006371936266950185
-0.019284752252445823
-0.04260970244441701
-0.034783834247382364
0.0005733172009398869
-0.012457063414471925
-0.025157487036856323
-0.007518049390185995
0.0015812138545733992
-0.0004394175954684463
-0.032518151699986175
-0.019418593956314775
0.004296531276962488
-0.013567364038480646
-0.01756985777695234
-0.0075166409484127925
-0.007872505176002364
-0.006121978158236566
-0.025192441094743438
-0.00872255816364075
-0.0015916150487479462
-0.017916053719370335
-0.019714429951029577
-0.01410680639815074
-0.01893527226197757
-0.018097326914953228
-0.024126888088513678
-0.008781320233560324
-0.00904073528163638
-0.021629257365725366
-0.027819160364670945
-0.01584917140782242
-0.020251461523814893
-0.017201544054042596
-0.018324847899692114
-0.0105257988453612
-0.012167299837804952
-0.020204238783987458
-0.03128824879924598
-0.02179348065283912
-0.029395346770307945
-0.024022470501618945
-0.01515631328348834
-0.009678382545293875
-0.013893671126820542
-0.02268606441628453
-0.036242714842007105
-0.03936991102773355
-0.03944514415075198
-0.020019179334886655
-0.012472607439655996
0.025150700957235806
0.027409259422651166
0.006276291430365721
-0.013680762862958664
-0.013193331347831587
0.01277111237864125
0.03628782077246027
0.037661551063864644
0.03249714793335885
0.04538130190694722
0.024884790630558994
-0.0016035025819767165
-0.0006224972368388891
0.028791233078808952
0.04905643093347514
0.052858183148536714
0.02968325665167737
0.042293508512748546
0.034794458078265665
0.009909697015955869
0.00940458303766892
0.043996505138141476
0.06498426144486087
0.055294194239924925
0.026273203665053507
0.031365222942491874
0.031772920299012554
0.029812143400866874
0.03331298559967096
0.06224192343075601
0.07490207440913263
0.045367781791727284
0.015537135287496477
0.01922676128797759
0.027854693848615227
0.031854982152092336
0.04984895006594736
0.08286583857018358
0.07085153192734264
0.02874351281912637
-0.0004296238239727471
0.009126157733807991
0.019030664591630445
0.029990100837254015
0.06071532260477078
0.0873913914978687
0.0553233894237427
0.020813016608761444
-0.016096634323357527
-0.008244144540676016
-0.0005911995502963115
0.019399841718520393
0.06662368549581836
0.07420937435770965
0.0433339385287905
0.017762638066717726
-0.02482158007110802
-0.012382664683048088
-0.012634326488118448
0.007514436750790577
0.05690104218281684
0.046555410860781465
0.03589778869058133
0.011145774118681286
-0.02657480909577061
-0.008921607528352101
-0.0012226464551690866
0.006663228775481853
0.03126472608681262
0.028497453388977308
0.020027662468927832
0.0033655314259441256
-0.022980817005703928
-0.002005113306588319
0.021272482307696648
0.009671180767426735
0.018273414254484602
0.017341781240481483
0.01694132279057081
0.003293173277715663
-0.010833553621759471
0.018641930812245352
0.035433416102785296
-0.0023656930726327643
-0.001302371254011107
0.00980786167104287
0.01500896902389433
0.007538429750919015
0.0005903256358187833
0.027593729025110595
0.028307200778963048
-0.0017960046160423306
-0.013494259688556482
0.00310021139516762
0.015930769713155282
0.010389968574957668
0.025776565689703983
0.03317153638761131
0.02329311183342735
0.00470931532052392
-0.018012314981140917
0.0035612907904499585
0.018933287504468682
0.013114567174398078
0.03598761468444307
0.03226542298404688
0.026179607828192192
0.006996681627435324
-0.015434717233023112
0.0019113337640255027
0.014465913150583213
0.012070170538113134
0.03498102416262482
0.03072540183024734
0.0273984437811569
0.010343215137631458
-0.007446328727907622
-0.0003438037578364899
0.010466071248232473
0.010348707719899534
0.02863508998960124
0.033448735470156706
0.03312305482216731
0.02219719626075581
-2.4785672524619704e-05
-0.0013080399240897906
0.008831542953552653
0.006236899366404609
-0.011480069143327134
-0.023278331447567302
-0.035855228919865055
-0.06094386175481512
-0.08416035973504461
-0.052731869496066994
-0.04035730151542209
-0.02020926913074382
-0.012199230614026469
-0.024434703851952098
-0.04009577608815104
-0.049966092441293686
-0.06540306225137565
-0.05587439424592854
-0.059513135416831196
-0.033832929248064976
-0.024851565389964452
-0.034029155343111656
-0.05804523001527094
-0.06264452165756798
-0.11116562899516942
-0.09792239296876967
-0.10010234752778698
-0.07789414322861149
-0.032721628033325734
-0.07016365978410002
-0.08734445110950086
-0.09583628497461352
-0.17473849200534405
-0.1562530988506639
-0.14836831667702394
-0.09671081235042683
-0.04957966803802674
-0.0736811772464762
-0.05979206344985583
-0.1463769546398117
-0.16735069904768662
-0.12463164838367176
-0.1426091836538102
-0.09758880170287186
-0.09056272404952416
-0.08089527439609322
-0.14201179307880515
-0.18202167035556407
-0.11329429119199552
-0.1320519072294009
-0.14742695347609386
-0.0925539654041894
-0.16716705039932195
-0.13720975586685777
-0.19042326733678028
-0.16624138108772868
-0.09561329772313766
-0.1421896437084306
-0.12338975318601832
-0.08912586077650402
-0.2125777603421852
-0.15133460163935497
-0.14337517414122855
-0.13573784766949923
-0.14995458184333524
-0.14190015884668553
-0.08502205296030452
-0.08214994755052193
-0.2588500785209564
-0.14202666910405248
-0.11445194327893003
-0.1080501975481587
-0.15067491347395948
-0.12851771601527398
-0.08248209966094382
-0.08575892643174723
-0.2450396047115237
-0.07808367265360575
-0.07401187255948023
-0.08096594289522924
-0.1409794912701151
-0.13773548141192718
-0.074246992218561
-0.08784737899056111
-0.2113249200940467
-0.06851891490780641
-0.07104184018456215
-0.10663256291844268
-0.11537278881982849
-0.11388835113046196
-0.06983487812150613
-0.07203953578968599
-0.18275489890989408
-0.0973108752474573
-0.06678936649102188
-0.10538585267881284
-0.06898662295856818
-0.07478014286271563
-0.06361036398543257
-0.07700875417182713
-0.13890587976331686
-0.1317336905612892
-0.12354757614368382
-0.14666013064741892
-0.10845746079335133
-0.09355884702196444
-0.0719873968319973
-0.06852266843611814
-0.06848790805249802
-0.08519742540024601
-0.10509473712374312
-0.1302445596924193
-0.11030746538041603
-0.0863957966359158
-0.06506939959580099
-0.03969585006647852
-0.026397201588500358
-0.03367043315651807
-0.049094136063389554
-0.07715636984914555
-0.06316070986556743
-0.028543184801172846
-0.026751464038635098
-0.014256380883224758
-0.017571831731347045
-0.03638744418296085
-0.059504877699013976
-0.07276096648677034
-0.0627829943443442
-0.024376713804057298
-0.01665791199612023
-0.007077143822899144
-0.005492964900728396
-0.0028287329084289163
0.0588626744682819
-0.009323359179155645
0.013961118289258502
-0.006350847583301293
-0.0032146103055229565
0.01704821658137992
0.040357692497905016
-0.0031653447151084664
0.019535694362315174
-0.003602378811306038
0.025741924746332502
-0.01576387692450463
0.016142268166404142
0.015748902677789903
-0.012400399686420155
0.07147637775023508
-0.01241964509983871
0.021639441409350105
0.010467479609014231
-0.008483937592805435
0.01790912403699967
-0.004559641604206523
-0.004560320114666667
0.007061935299392686
0.10119101894295401
0.01967391384773764
-0.0017461965501729684
-0.01084847057787806
-0.0027786535448625954
-0.00418174524406869
-0.002544012128161991
-0.002721171763974449
-0.0020264630564036028
-0.0022847213237516526
-0.0009702270703852192
-0.00863748556383018
0.015164259526353151
-0.014357498010698458
0.02028606744003081
-0.004112542033329764
-0.007160924765695881
0.009069175854774205
-0.0045371242594813765
-0.002680250791234038
-0.010657268774688505
-0.004743495694134449
-0.00247170853417075
-0.0030242794462602435
-0.002413016461752513
-0.00713002571508812
0.05546400651722504
-0.0016891551846082784
0.011241949794417113
-0.007405781219648124
0.07303452753998377
-0.003297379934310334
-0.0025624435122820564
-0.001992351841910158
0.05969257680074554
-0.004621707065519174
-0.0024706650507623235
0.004736731490715173
-0.004963306594710586
0.025766404781674242
-0.0015811691343060117
-0.0067744282287498505
-0.008116262281241337
-0.007076606424575872
-0.0056442561537635005
-0.0019333158711705375
-0.007783374155678984
-0.004017142523684197
-0.0015537084238148157
-0.0018793552674499395
-0.00173533083408371
-0.012656412219490282
0.011630585586834757
-0.006061937188452007
-0.006354920554792476
-0.008178948275231693
0.08651744047257984
-0.01717390052692351
-0.006829595742009574
-0.008041514365350843
-0.002121449582136797
-0.012427032258110177
-0.006098784845026389
-0.03822105048508416
-0.01421029915266133
-0.04990297202984035
-0.009437302221752878
-0.013516648599929069
-0.027575827842484992
-0.016145030061184514
-0.018885978336601227
-0.016038074279763125
-0.022871611601825593
-0.02159765719866147
-0.010440011133915343
-0.007943408615866376
-0.006299239035529893
-0.04521982466641428
-0.004156387670224419
-0.0032671649959695264
0.018040914430810094
0.013633460281525797
0.014397388580008672
0.011420872156581637
0.01083785575243865
0.01078208956886245
0.014984109324077656
0.013800071320400186
0.03739937480647383
0.09363485847659185
0.025676580394697262
0.028130481657649604
-0.0017127911443436173
0.014691433160502088
-0.005473355818564511
0.017567469586168734
0.004868925544678856
0.06072203304575667
0.0031607724286551726
0.0407031479588854
-0.0024807486424603823
-0.0030014350893776314
-0.001610790248961427
0.007067535962606692
0.009764355154279314
-0.004072894778289262
-0.0027676060211189973
-0.019454643112992134
-0.005994190892124882
0.014296379135700862
-0.005336245280174436
-0.00459488857109668
0.02774517730813115
-0.0029507463826043945
-0.00218328024197552
-0.021842178883601255
0.004081332990397992
-0.022591475727397278
-0.003722570019159014
-0.003616295424871246
-0.012804059177669531
-0.01183639361870171
0.008861619965281071
0.0075616783388925855
0.008163657616968268
-0.005291472059990989
-0.0037300309457544405
-0.0032685585442358287
-0.002666602888371597
-0.020328753383854883
-0.0024457983251260653
-0.0025729614183518813
-0.0026052160273085366
-0.0032328940458865043
-0.003019730070020567
-0.006816028944415546
0.01797110235562845
-0.0020449214222708905
0.00997092223184376
-0.0031151733790152655
-0.001221380448512816
-0.009043770803090668
-0.004995098970161834
0.23022799151397674
0.013723386726972623
-0.00303267629935414
-0.0062326004372848486
-0.0053141206624241644
-0.003738098055493047
-0.0030677522945992946
0.014460204021095246
-0.004871024729646842
-0.002549526981778836
-0.002034966757663862
-0.0020038202738253646
-0.005687899098325889
-0.0032171283902257286
-0.002294302604467758
0.01569869538233246
-0.012795283619938263
-0.002771428458381843
-0.0049278816610859475
0.013179196332829445
-0.0016908197877007038
-0.0026007754207305334
-0.002657076695104593
-0.0016179159931254744
-0.008170090905246521
-0.003404642974383587
-0.029717254282994616
-0.001511711573869291
0.0325557098297748
-0.006640490817969295
-0.004056235540371136
0.015121385354368562
0.008224973855933446
-0.006096366485806306
-0.0033461693402059814
-0.0018402185748353174
-0.0033160387762251474
-0.002315161569786932
-0.010329139279193782
-0.005060595831011112
0.011151639535320387
0.01536551063745112
0.03091584835937955
-0.004961246619410763
0.02788863821533477
0.019170450112122706
0.015974151224888003
0.013864668091398453
-0.0025824123442982493
0.038137807044952406
0.07183321787795083
0.0007753466942523887
0.020730386098948783
0.017561039960905488
-0.007390209705407861
-0.008008795815411213
0.060058553391385695
-0.008857018699875666
0.10593412349985927
0.0316173227168647
0.017562941649499342
-0.00296235692404577
0.014758398274136511
-0.0026589915449746608
0.019071584428067247
-0.003349392648752339
-0.002478105690037045
-0.00157056092738556
-0.015217946171724476
0.009200557785800631
-0.003926311025253867
-0.0027880472128589033
-0.002986208477073987
-0.004904752015052022
-0.001986789245374074
-0.0009772014274060327
-0.006989704199435312
-0.003079312782127589
-0.011880537190475016
0.014226304058859999
-0.004409444068329708
-0.004408611614055999
-0.003752128185760524
-0.006130781875116354
-0.002937241592918958
-0.011368672986913788
-0.006427342288048767
-0.0013083646900631262
-0.003110657150793133
-0.0026410303630855767
-0.00879343195438249
0.01825864860108594
-0.001408688539332282
0.030460420015840574
-0.004010956828347667
0.016187445155261018
-0.0018819541575889195
-0.0013318712182065462
-0.0008486004498406695
-0.0019345170117041478
-0.0014878137425461994
-0.0011795521591972126
-0.006608732503142707
-0.0032612543410080385
-0.014450443718424808
0.015697621238898594
-0.0016175011112952527
-0.003371448040001469
0.01933242438373094
-0.003724799972858282
-0.0022580362915018116
-0.007564413334938582
-0.0037513316051442877
-0.0011385113549437955
-0.001601576700982902
-0.0016725726737923314
-0.007587622194788021
0.07734399246659604
0.059907794685901634
0.011530678963761254
-0.02125555802061387
0.006124908021170301
-0.015453224223124727
0.012953548678971897
-0.01248653211225518
0.01901752274188622
-0.006235189885379727
-0.004964135997071596
0.00407024624380319
-0.02315540690437291
-0.07285883713570358
0.0072526612763456205
0.00934989976986985
-0.017191588329563152
-0.028583490848329115
-0.0022246530543550778
-0.01073375437786621
0.019759937477105825
-0.016220889412287248
0.007947240987199585
-0.007983870806855017
0.009073623646721153
-0.027323721100382316
-0.004680931153637895
-0.00407586946794775
-0.0038100383682256817
-0.015937250162102932
0.027715796533152818
-0.006432141992335931
-0.0030755173048651495
-0.0053934227583671565
-0.007192459970344776
-0.0046006411077736025
-0.0017994198327266518
-0.014497042153268965
0.008096455565333397
-0.0408075423253732
0.08106499314165821
-0.0038109694588959555
-0.010227640233149204
0.020518247504925032
-0.011141639606123018
-0.006218651388293393
0.008034329399187048
-0.010458936778942562
-0.00447112383202159
-0.005396544036342159
0.009354299250753649
-0.0169046925151446
0.042285868158074356
-0.021158992892254595
-0.02151632825767914
-0.1282672757476671
0.06191472586623376
-0.04153607173212132
-0.029303760793714155
-0.018459864910704272
0.22820959309313976
-0.01391268722417238
0.00038358186239229996
-0.04082693279229178
-0.03309575745033957
-0.15682112859568278
0.0705617776565496
-0.031418907148769167
-0.07736248109714046
-0.010743529864472507
-0.05069800499092234
-0.025919860282209096
-0.005325815654713358
-0.05218537597948142
-0.009142180684985561
-0.02516438487821264
-0.012242568734898642
-0.06805514390363174
-0.0034195996128314763
0.01423923623785931
0.05662728287723956
0.006556595363728145
0.015428703463763583
0.023078131977977565
0.016716447743241842
0.015853248418696893
0.043930537676252844
-0.003291044428545568
-0.001969173196586505
0.030965410595658344
-0.007100733440372426
0.006660352546708612
0.013996232139189232
0.01826191761711438
-0.004372512232496238
0.07331131094618071
-0.00441538741635455
-0.0022234178011860113
-0.006852951204995716
-0.0026670377463289185
0.01878601579014781
-0.0016312126428565318
-0.0018140255543246675
-0.007650900583311522
0.01071118165635105
-0.003868159008154909
-0.004332399436383093
-0.021965012831770856
-0.005683804359472154
-0.00619972249068507
-0.0023367284874761278
-0.003980234061219081
-0.004133029308943454
-0.0055039096262492655
-0.00260510944676545
-0.016251404155829572
0.08517210569829495
-0.03527094531449362
0.01597961157753537
0.00981199536251637
-0.009079075912906841
-0.005826626378610498
-0.007782374119325341
-0.0042308040733907495
-0.013313443583391453
-0.006978130171005181
-0.004298804992397534
0.013282083870823589
-0.002377883653502717
-0.012029419956287517
-0.009432771375076959
-0.010178396549550661
-0.0057208359199487505
-0.03035372422343854
0.0017129454965866462
-0.009014213026104393
-0.0075614723151885095
-0.004279195264580879
-0.013011985469242732
-0.0064811098604888795
-0.004330301751908646
-0.020660884028670484
-0.008598742098247025
-0.05246352693637349
-0.005893996858302862
-0.013643231723666733
-0.022428043047583824
-0.009063167435530732
0.006389490211409493
-0.005262986856844162
-0.01774854731791844
-0.0075011950610022245
-0.00301359627393323
-0.004323506641764012
-0.004422459196109576
-0.03266856777340009
0.03722266967318212
0.01771712416041002
-0.004053073155704546
-0.020558743865225
0.08653522243521869
-0.007481313929751482
0.01316180143748264
-0.005920258375974889
-0.007449927254322345
-0.004179997408078183
-0.004243093316038892
-0.03184528670346322
-0.007956122848516206
-0.04856697789880641
0.059924319553485865
0.02914865839369932
-0.010813514354471967
0.01213060894219534
-0.008537245987318186
0.010724534715743436
0.006525035277541256
-0.005862769598376691
-0.005963907815814178
-0.004965704290142108
-0.0032302132124507154
-0.018608289233857406
-0.00964867605059312
-0.0036050571902231424
-0.005518311483649101
-0.024531708202209967
0.03878450528190899
-0.010358742250019521
-0.006630666479571705
-0.00402987444453087
0.02824538367460958
-0.004666667462860347
-0.0023352406001747954
-0.019396607577464173
-0.0151035390615069
0.027962647449420702
-0.00683536211081768
-0.00917720194240749
-0.017185328984248557
-0.015178574102851025
0.006526696134653686
-0.005899860225499569
0.03684123240545081
-0.010112313006025116
-0.003754588337548305
-0.005992535186401533
-0.0059092077275599425
-0.027894949176987146
0.07936673358791085
-0.0036519985052499942
0.028686309245123467
-0.010528387781376576
0.02768201757167788
-0.00833320728542363
-0.0033833482694810707
0.010134570104962467
0.01929034179593759
-0.006016311538505043
-0.001974849982396756
-0.012756837666474464
-0.003972319335436677
0.023891855640270555
-0.002914723137530264
-0.00592868904345919
-0.005860013824259259
0.005148106391027586
0.023824389006983315
0.003123221908195924
-0.007481438751705191
-0.004077584378909191
-0.0016622948371374546
-0.00241024154525281
-0.0017789148166903752
-0.019378885774592285
-0.007735931163922397
0.01640817609366689
-0.009743576230275153
-0.00440015845401555
-0.008458636250828365
0.006026151127070706
-0.00907056597410365
-0.004827996079643044
-0.010313263394873012
0.006670698872971128
-0.005848044429574115
-0.027638077052524322
-0.008280462746830882
-0.04127208899036907
0.07236335515706395
-0.00995496654073472
0.03238203022810365
-0.015826756032537984
-0.023823199599381877
-0.012138876675352985
-0.020478487580076195
0.004530546963101464
-0.0038799112626641398
-0.00912860590102672
-0.004929875029467621
-0.03433098014538062
-0.008491311471949602
-0.0030564987584778486
-0.004835308840656967
-0.01993626956554747
0.01725805889294368
-0.0061085632576360245
-0.0026463484029078848
-0.004412826220743303
0.007039685635205514
-0.002788524367658049
-0.002800406935424165
-0.023872221605573687
-0.006328098067286297
-0.023520306430113783
0.01416873812542497
-0.007206177590774608
-0.01310707495639437
-0.0092467207250247
-0.010330861770364613
-0.007304313818945994
-0.0034137493155761466
0.014703552803424237
-0.002083162670748016
-0.002742328059873087
-0.001961693952845102
-0.011759963333058584
-0.0024889498887230737
-0.001208585069183729
-0.001250280010719832
-0.006094684062157036
-0.001186245286771584
-0.0019028378179899957
-0.002592162631474175
-0.0023262477166379816
-0.003741934094654455
-0.0021637300972337345
-0.0015572131270588196
-0.004311974034282716
-0.0022594373091590356
0.009277451661298028
0.03364436289776312
-0.002299415818794329
-0.006793065643218679
-0.0031447983712309365
-0.0046686906639486015
-0.0027447800321602637
-0.007251872412261603
-0.004213984563622924
-0.0015181005119628492
-0.0014086933944975474
-0.0016556294961197673
-0.008768430201214041
0.016173032757203675
-0.002959524615000483
-0.0020261281055390917
-0.012860927047008431
0.0362870812106682
-0.005168566939156377
-0.0037895408524609184
-0.0018400019812589833
-0.0038210038031416976
-0.0022495156413886905
-0.001524457260840477
-0.006726703050994789
-0.0041515478498945265
-0.020552247072661543
-0.002998452527697879
-0.002649516402826796
-0.008987515333398725
-0.004722955565701681
-0.006011798809311323
-0.0034647762845557294
-0.010413334366873627
-0.003053998161801433
-0.0011856059171411572
-0.0028136173907209873
-0.0018770099810616805
-0.005994345891148218
-0.0029808218184165587
-0.0012575123517285516
-0.0017474324937728277
-0.006955889063334888
-0.0015516099293350545
-0.005983469196325079
-0.0025076177037208994
0.01477632931445202
-0.0024196026894595336
-0.0024152592762757994
-0.0017816273487950276
0.10207221701305419
-0.004058522341929303
-0.013472560309077706
-0.0023527909464840144
-0.003044764840124614
-0.004420438557779473
-0.006124158708872877
-0.003684546536848462
0.012934596751115903
-0.004476118720515291
-0.0052083932258029045
-0.002037679275508075
-0.0033985744471893152
-0.0018789725140763488
-0.005268276840031835
-0.01638036853255365
-0.007742392020753111
-0.014610248593912143
-0.034544681469235054
-0.01580577359661452
-0.013849931803443153
-0.011944337048439129
-0.010580565435424568
0.055541229151724186
-0.011234233636559638
-0.008590350388792177
-0.034635250357210816
-0.01408300849365103
-0.09256504951449525
-0.012112297123972802
-0.013593373265509995
-0.02062748362137764
-0.02372259970350236
-0.02906958465422995
-0.01603404834498516
0.015908585558394903
-0.017032217047273375
-0.00667001485863188
-0.0059210545146195885
-0.00839700456836237
0.03344782119501059
