23.210685483870964
27.116935483870964
56.14079301075268
51.74731182795699
54.1078629032258
61.1391129032258
50.688844086021504
58.29133064516129
55.42674731182796
73.31989247311829
69.39684139784946
74.89919354838709
76.49529569892474
78.33501344086021
76.9489247311828
79.03225806451613
84.51780913978494
82.01444892473118
73.00907258064517
77.46975806451613
83.75336021505376
87.46639784946235
81.13239247311829
85.10584677419355
83.82056451612904
91.40625
86.4247311827957
81.89684139784946
93.71639784946235
82.20766129032258
91.12903225806451
89.84375
86.08030913978494
76.63810483870968
88.7516801075269
86.18111559139784
85.38306451612902
90.05376344086022
89.0625
88.00403225806451
89.5497311827957
85.83669354838709
92.44791666666667
89.79334677419355
87.44959677419355
86.39112903225806
91.91028225806451
86.61794354838709
90.83501344086022
87.5
87.1891801075269
86.68514784946235
93.47278225806451
90.3309811827957
81.86323924731182
92.13709677419355
85.90389784946235
91.8934811827957
92.41431451612902
82.71169354838709
87.46639784946235
84.53461021505376
83.70295698924731
92.43111559139784
89.02889784946235
89.56653225806451
91.12903225806451
89.82694892473118
94.25403225806451
90.59139784946235
86.4079301075269
92.69153225806451
84.82862903225806
91.63306451612902
88.7684811827957
92.93514784946235
94.77486559139784
84.74462365591398
92.10349462365592
88.26444892473118
89.82694892473118
89.77654569892474
91.8766801075269
92.43111559139784
86.45833333333333
85.59307795698925
88.50806451612902
86.37432795698925
88.24764784946235
84.25739247311829
90.08736559139784
92.15389784946235
91.37264784946235
90.07056451612902
90.60819892473118
92.13709677419355
90.3309811827957
87.1891801075269
92.15389784946235
91.37264784946235
10.15625
23.000672043010752
46.001344086021504
45.757728494623656
55.14952956989247
62.45799731182796
60.878696236559136
57.21606182795699
66.8850806451613
67.68313172043011
70.30409946236558
75.54603494623656
78.87264784946237
72.8494623655914
73.05947580645162
82.74529569892474
83.56014784946237
85.60987903225806
84.0809811827957
87.92002688172043
88.52486559139784
88.28125
85.39986559139784
83.99697580645162
88.4744623655914
81.18279569892474
82.4176747311828
88.23084677419355
87.2059811827957
83.03931451612904
91.8934811827957
88.52486559139784
82.67809139784946
87.67641129032258
92.6747311827957
80.41834677419355
87.74361559139784
88.24764784946235
87.9872311827957
89.79334677419355
89.79334677419355
83.83736559139784
84.72782258064517
82.48487903225806
84.74462365591398
86.66834677419355
89.81014784946235
90.60819892473118
90.08736559139784
88.16364247311827
89.56653225806451
89.28931451612902
92.95194892473118
93.21236559139784
90.3309811827957
86.70194892473118
90.34778225806451
85.26545698924731
87.9872311827957
92.41431451612902
91.38944892473118
81.75403225806451
87.22278225806451
92.69153225806451
92.17069892473118
87.71001344086022
92.90154569892474
85.90389784946235
87.71001344086022
95.03528225806451
88.49126344086022
89.5329301075269
87.38239247311827
90.625
92.93514784946235
90.05376344086022
91.8934811827957
82.87130376344086
87.46639784946235
87.22278225806451
91.1122311827957
88.7684811827957
87.43279569892474
88.50806451612902
84.41700268817205
91.37264784946235
90.85181451612902
82.61088709677419
91.66666666666667
89.02889784946235
92.15389784946235
90.34778225806451
88.52486559139784
90.05376344086022
93.21236559139784
93.22916666666667
90.07056451612902
93.19556451612902
93.21236559139784
86.92876344086022
22.152217741935484
36.071908602150536
51.45329301075268
55.61995967741935
47.597446236559136
54.628696236559136
55.443548387096776
66.34744623655914
60.912298387096776
62.752016129032256
73.58030913978494
76.00806451612904
84.32459677419355
85.12264784946237
83.54334677419355
79.89751344086021
85.38306451612902
83.02251344086021
83.31653225806451
81.61962365591398
82.55208333333333
90.88541666666667
81.99764784946237
80.9559811827957
83.05611559139784
85.6434811827957
81.47681451612904
89.5497311827957
83.77016129032258
86.11391129032258
76.49529569892474
83.52654569892474
78.82224462365592
88.50806451612902
84.48420698924731
86.68514784946235
92.96875
90.07056451612902
85.88709677419355
87.72681451612902
81.89684139784946
91.92708333333333
91.63306451612902
85.57627688172043
86.1307123655914
90.86861559139784
87.93682795698925
89.04569892473118
92.93514784946235
80.64516129032258
86.70194892473118
87.64280913978494
88.78528225806451
82.50168010752688
87.43279569892474
85.9375
90.60819892473118
88.4744623655914
91.12903225806451
87.2059811827957
84.87903225806451
91.64986559139784
86.18111559139784
89.5497311827957
88.78528225806451
82.79569892473118
87.9872311827957
89.82694892473118
91.37264784946235
84.01377688172043
86.94556451612902
85.88709677419355
83.28293010752688
89.27251344086022
85.33266129032258
85.08904569892474
84.22379032258065
90.34778225806451
86.97916666666667
90.05376344086022
89.5497311827957
78.85584677419355
89.28931451612902
87.46639784946235
85.6434811827957
85.87029569892474
87.74361559139784
93.47278225806451
92.1875
87.9872311827957
90.3141801075269
89.30611559139784
91.38944892473118
84.84543010752688
90.88541666666667
89.77654569892474
91.38944892473118
90.10416666666667
80.71236559139784
86.92876344086022
19.338037634408604
28.66263440860215
49.14314516129033
50.18481182795699
46.816196236559136
50.46202956989247
55.913978494623656
46.782594086021504
64.83534946236558
69.60685483870968
75.59643817204301
74.67237903225806
66.44825268817205
75.71404569892474
84.04737903225806
80.67876344086021
83.54334677419355
83.24932795698925
90.07056451612902
80.41834677419355
85.92069892473118
75.33602150537634
89.02889784946235
85.6434811827957
74.81518817204301
88.16364247311827
85.66028225806451
88.24764784946235
91.07862903225806
88.26444892473118
83.56014784946237
89.30611559139784
81.96404569892474
79.84711021505376
91.35584677419355
89.28931451612902
88.52486559139784
91.40625
88.78528225806451
94.27083333333333
89.04569892473118
81.5524193548387
81.21639784946237
90.60819892473118
84.29099462365592
85.57627688172043
91.35584677419355
88.52486559139784
92.1875
86.18111559139784
89.04569892473118
88.52486559139784
89.27251344086022
92.95194892473118
85.92069892473118
92.15389784946235
90.10416666666667
89.01209677419355
91.12903225806451
88.7516801075269
89.01209677419355
92.44791666666667
86.60114247311827
88.18044354838709
85.6434811827957
88.24764784946235
89.58333333333333
89.56653225806451
81.70362903225806
91.8766801075269
93.99361559139784
85.6434811827957
90.78461021505376
81.91364247311829
89.82694892473118
91.38944892473118
89.82694892473118
88.24764784946235
90.3141801075269
89.04569892473118
87.71001344086022
89.04569892473118
89.30611559139784
91.64986559139784
87.9872311827957
90.08736559139784
94.27083333333333
86.94556451612902
81.23319892473118
82.93850806451613
87.76041666666667
84.51780913978494
87.44959677419355
92.15389784946235
85.59307795698925
90.34778225806451
91.85987903225806
89.5329301075269
91.61626344086022
91.64986559139784
22.135416666666668
31.888440860215056
31.090389784946236
43.069556451612904
53.259408602150536
53.08299731182796
54.38508064516129
49.38676075268817
61.155913978494624
74.58837365591398
70.28729838709678
79.83030913978494
73.10987903225806
76.49529569892474
82.76209677419355
77.50336021505376
76.15087365591398
77.92338709677419
76.18447580645162
81.68682795698925
71.27016129032258
88.44086021505376
74.39516129032258
81.68682795698925
85.81989247311827
85.6434811827957
86.94556451612902
88.50806451612902
83.82056451612904
87.46639784946235
81.7372311827957
85.6434811827957
73.00907258064517
85.85349462365592
88.78528225806451
76.15087365591398
85.31586021505376
86.92876344086022
90.3309811827957
88.16364247311827
90.59139784946235
85.6266801075269
85.83669354838709
88.28125
84.06418010752688
86.4079301075269
86.44153225806451
88.4744623655914
87.43279569892474
87.13877688172043
86.14751344086022
84.24059139784946
83.21572580645162
83.73655913978494
90.83501344086022
85.5594758064516
87.92002688172043
87.67641129032258
87.2059811827957
87.71001344086022
86.87836021505376
91.92708333333333
88.13004032258065
87.71001344086022
89.30611559139784
89.28931451612902
88.21404569892474
85.9375
86.35752688172043
86.4247311827957
88.23084677419355
80.54435483870968
90.83501344086022
91.64986559139784
91.12903225806451
87.41599462365592
91.38944892473118
84.32459677419355
90.36458333333333
90.55779569892474
91.1122311827957
83.21572580645162
83.6861559139785
92.6579301075269
91.0954301075269
91.1122311827957
90.59139784946235
87.46639784946235
86.9119623655914
86.9119623655914
84.60181451612904
90.29737903225806
86.4247311827957
82.46807795698925
88.23084677419355
84.8622311827957
91.33904569892474
90.85181451612902
90.0369623655914
89.79334677419355
