9.895833333333334
9.895833333333334
9.895833333333334
15.104166666666666
16.145833333333332
14.0625
14.84375
16.40625
18.229166666666668
19.808467741935484
21.110551075268816
22.673051075268816
24.235551075268816
26.31888440860215
30.22513440860215
35.43346774193548
40.38138440860215
44.0440188172043
46.144153225806456
47.18581989247312
50.08400537634409
51.663306451612904
54.02385752688172
54.30107526881721
56.67842741935484
59.05577956989247
60.878696236559136
62.97883064516129
62.45799731182796
64.02049731182795
65.30577956989247
67.40591397849462
70.07728494623656
70.35450268817205
73.54670698924731
74.58837365591398
75.95766129032258
76.46169354838709
79.08266129032258
78.05779569892474
78.85584677419355
80.14112903225806
80.6619623655914
80.41834677419355
80.6619623655914
80.14112903225806
80.14112903225806
81.18279569892474
81.98084677419355
84.0809811827957
81.72043010752688
82.24126344086021
84.8622311827957
83.54334677419355
84.32459677419355
84.60181451612904
85.6266801075269
86.16431451612902
85.38306451612902
84.60181451612904
85.38306451612902
85.90389784946235
85.6266801075269
86.16431451612902
87.48319892473118
85.66028225806451
85.90389784946235
83.56014784946237
85.39986559139784
86.70194892473118
85.6434811827957
86.18111559139784
88.28125
86.44153225806451
85.38306451612902
84.8622311827957
87.2059811827957
85.66028225806451
89.84375
87.76041666666667
89.0625
85.90389784946235
88.7684811827957
86.44153225806451
90.36458333333333
86.97916666666667
89.84375
88.54166666666667
90.88541666666667
88.80208333333333
88.50806451612902
86.94556451612902
89.56653225806451
88.52486559139784
87.9872311827957
87.2059811827957
89.56653225806451
89.0625
90.36458333333333
87.46639784946235
