12.516801075268816
10.433467741935484
9.391801075268818
13.298051075268816
19.027217741935484
21.63138440860215
21.63138440860215
21.370967741935484
21.63138440860215
22.933467741935484
24.495967741935484
26.058467741935484
29.964717741935484
33.1065188172043
37.27318548387097
39.87735215053763
43.539986559139784
46.144153225806456
48.76512096774193
50.604838709677416
51.64650537634409
52.167338709677416
54.284274193548384
56.40120967741935
59.54301075268817
62.7016129032258
64.28091397849462
70.14448924731182
74.4119623655914
74.96639784946237
76.00806451612904
76.25168010752688
75.21001344086021
75.22681451612904
74.67237903225806
75.17641129032258
77.01612903225806
77.5369623655914
76.49529569892474
77.27654569892474
74.93279569892474
78.85584677419355
75.73084677419355
77.81418010752688
79.63709677419355
83.03931451612904
76.47849462365592
81.19959677419355
82.24126344086021
83.54334677419355
80.6619623655914
80.1747311827957
81.7372311827957
81.21639784946237
81.99764784946237
82.5184811827957
84.34139784946237
81.19959677419355
82.74529569892474
82.24126344086021
86.68514784946235
87.74361559139784
78.59543010752688
88.28125
87.5
83.56014784946237
82.25806451612904
84.61861559139784
83.03931451612904
84.61861559139784
84.87903225806451
86.68514784946235
81.46001344086021
86.14751344086022
87.76041666666667
82.24126344086021
86.4079301075269
83.54334677419355
86.14751344086022
85.36626344086022
85.90389784946235
85.10584677419355
83.57694892473118
84.61861559139784
84.61861559139784
84.87903225806451
83.05611559139784
87.22278225806451
88.52486559139784
85.66028225806451
79.37668010752688
88.50806451612902
88.24764784946235
79.35987903225806
88.7684811827957
89.30611559139784
82.76209677419355
87.72681451612902
87.72681451612902
85.36626344086022
