11.481481181250679
13.333333174387613
13.333333094914755
18.51851799752977
17.407407522201538
18.888888994852703
18.88888865047031
21.85185196664598
25.185184955596924
28.51851775911119
34.07407363255819
40.00000031789144
41.48148165808784
44.074074533250595
43.70370388031006
45.92592557271322
48.888887617323135
51.111110051472984
58.14814821879069
61.851851569281685
64.07407336764865
64.44444402058919
67.03703689575195
68.5185186598036
69.62962977091472
71.48148091634114
73.33333333333333
74.4444448682997
74.81481509738498
75.9259262084961
76.66666709052191
77.77777862548828
78.88888931274414
80.74074088202582
81.4814804924859
81.85185114542644
82.22222095065646
84.44444444444444
86.29629601372613
88.14814758300781
88.88888888888889
89.25925954182942
90.74074045817058
91.48148176405165
92.9629635281033
93.70370398627387
93.33333418104384
93.70370398627387
92.9629635281033
93.33333333333333
94.0740737915039
93.70370398627387
94.07407463921442
93.70370483398438
92.22222306993272
95.18518490261502
93.33333333333333
95.55555470784505
93.70370398627387
95.92592451307509
95.92592451307509
94.81481340196397
94.81481594509549
95.18518575032552
95.18518490261502
96.29629516601562
96.29629516601562
96.66666581895616
97.0370364718967
97.0370364718967
97.0370364718967
95.9259262084961
97.0370356241862
96.66666581895616
91.85185156928168
97.40740712483723
97.77777777777777
97.0370356241862
98.14814758300781
97.40740712483723
98.14814758300781
98.51851738823785
96.29629601372613
98.14814758300781
97.40740712483723
99.25925869411893
98.14814758300781
99.25925954182942
98.51851823594835
98.51851823594835
98.51851908365886
97.40740712483723
98.14814758300781
98.88888804117839
98.14814758300781
98.88888804117839
99.25925869411893
99.25925869411893
97.77777777777777
99.25925869411893
98.88888804117839
98.1481467352973
99.62962934705946
99.25925869411893
95.55555555555556
99.62962934705946
98.14814843071832
100.0
99.25925869411893
99.62962934705946
98.51851908365886
100.0
99.62962934705946
99.62962934705946
97.40740712483723
99.62962934705946
98.14814758300781
99.62962934705946
99.25925869411893
98.51851738823785
100.0
98.51851823594835
99.25925869411893
99.62962934705946
100.0
99.62962934705946
99.62962934705946
99.62962934705946
98.88888888888889
98.88888804117839
98.88888804117839
99.62962934705946
99.62962934705946
98.88888804117839
100.0
98.51851823594835
99.62962934705946
99.62962934705946
99.62962934705946
99.62962934705946
99.62962934705946
99.62962934705946
100.0
99.25925954182942
99.25925954182942
99.25925954182942
98.51851908365886
98.51851908365886
98.51851908365886
99.25925954182942
